          0,   1,   0],
       [  0,   0,   0,   0,   0,   0,   0,   0,   0,   0,   0,   0,   0,
          0,   0,   0],
       [  5,   0,   4,   0,   0,  11,  14,   1,   0,   0,   0,   2,   0,
          0,   0,   1],
       [  0,   0,   0,   0,   0,   0,   0,   0,   0,   0,   1,   0,  25,
          0,   0,   0],
       [  0,   0,   0,   0,   0,   0,   0,   0,   0,   0,   0,   0,   2,
          3,   0,   0],
       [  1,   0,   0,   0,   0,   4,   3,   0,   0,   0,   0,   0,   0,
          0,   2,   0],
       [  0,   0,   0,   0,   0,   0,   0,   0,   0,   0,   0,   0,   0,
          0,   0,   0]]),
     'Ground_truth': array([5, 5, 5, ..., 7, 7, 7]),
     'Labels': ['walking',
                'running',
                'shuffling',
                'stairs (ascending)',
                'stairs (descending)',
                'standing',
                'sitting',
                'lying',
                'transition',
                'bending',
                'picking',
                'undefined',
                'cycling (sit)',
                'cycling (stand)',
                'non-vigorous activity',
                'transport'],
     'Predictions': array([5, 5, 6, ..., 7, 7, 7]),
     'bending': {'f1-score': 0.0,
                 'precision': 0.0,
                 'recall': 0.0,
                 'support': 3},
     'cycling (sit)': {'f1-score': 0.9433962264150944,
                       'precision': 0.9259259259259259,
                       'recall': 0.9615384615384616,
                       'support': 26},
     'cycling (stand)': {'f1-score': 0.7499999999999999,
                         'precision': 1.0,
                         'recall': 0.6,
                         'support': 5},
     'lying': {'f1-score': 0.5625,
               'precision': 0.391304347826087,
               'recall': 1.0,
               'support': 9},
     'macro avg': {'f1-score': 0.45900066375707466,
                   'precision': 0.491961578405683,
                   'recall': 0.47767347885680345,
                   'support': 1024},
     'micro avg': {'f1-score': 0.8203125,
                   'precision': 0.8203125,
                   'recall': 0.8203125,
                   'support': 1024},
     'non-vigorous activity': {'f1-score': 0.28571428571428575,
                               'precision': 0.5,
                               'recall': 0.2,
                               'support': 10},
     'picking': {'f1-score': 0.0,
                 'precision': 0.0,
                 'recall': 0.0,
                 'support': 0},
     'running': {'f1-score': 0.904109589041096,
                 'precision': 0.9428571428571428,
                 'recall': 0.868421052631579,
                 'support': 38},
     'shuffling': {'f1-score': 0.5974025974025974,
                   'precision': 0.6052631578947368,
                   'recall': 0.5897435897435898,
                   'support': 39},
     'sitting': {'f1-score': 0.9155629139072847,
                 'precision': 0.875,
                 'recall': 0.9600694444444444,
                 'support': 576},
     'stairs (ascending)': {'f1-score': 0.0,
                            'precision': 0.0,
                            'recall': 0.0,
                            'support': 5},
     'stairs (descending)': {'f1-score': 0.8333333333333333,
                             'precision': 0.7142857142857143,
                             'recall': 1.0,
                             'support': 5},
     'standing': {'f1-score': 0.6115107913669064,
                  'precision': 0.6692913385826772,
                  'recall': 0.5629139072847682,
                  'support': 151},
     'transition': {'f1-score': 0.0,
                    'precision': 0.0,
                    'recall': 0.0,
                    'support': 1},
     'transport': {'f1-score': 0.0,
                   'precision': 0.0,
                   'recall': 0.0,
                   'support': 0},
     'undefined': {'f1-score': 0.09302325581395349,
                   'precision': 0.4,
                   'recall': 0.05263157894736842,
                   'support': 38},
     'walking': {'f1-score': 0.847457627118644,
                 'precision': 0.847457627118644,
                 'recall': 0.847457627118644,
                 'support': 118},
     'weighted avg': {'f1-score': 0.8020085241414006,
                      'precision': 0.8016250668831912,
                      'recall': 0.8203125,
                      'support': 1024}},
 6: {'Accuracy': 0.8151041666666666,
     'Confusion_matrix': array([[142,   0,   2,   0,   0,   1,   4,   1,   1,   0,   0,   1,   1,
          0,   1],
       [  1,  10,   0,   0,   0,   0,   0,   0,   0,   0,   0,   0,   0,
          0,   0],
       [  6,   0,  12,   0,   0,   3,   1,   0,   0,   0,   0,   0,   0,
          0,   0],
       [ 11,   0,   0,  17,   0,   0,   1,   1,   2,   0,   0,   0,   0,
          0,   0],
       [  7,   0,   0,   0,  16,   0,   0,   0,   0,   0,   0,   0,   0,
          0,   0],
       [  5,   1,   5,   0,   0, 119, 105,   2,   0,   0,   0,   2,   0,
          1,   0],
       [  5,   0,   0,   0,   0,  45, 729,  40,   0,   0,   0,   1,   1,
          0,   0],
       [  2,   0,   0,   0,   0,   1,   0, 200,   8,   0,   0,   0,   0,
          0,   0],
       [  1,   0,   0,   0,   0,   0,   3,   7,   6,   0,   0,   0,   0,
          1,   0],
       [  2,   0,   0,   0,   0,   0,   0,   0,   0,   0,   0,   0,   0,
          0,   0],
       [  0,   0,   0,   0,   0,   0,   0,   1,   0,   0,   1,   0,   0,
          0,   0],
       [  0,   0,   0,   0,   0,   0,   0,   0,   0,   0,   0,   0,   0,
          0,   0],
       [  0,   0,   0,   0,   0,   0,   0,   0,   0,   0,   0,   0,   0,
          0,   0],
       [  0,   0,   0,   0,   0,   0,   0,   0,   0,   0,   0,   0,   0,
          0,   0],
       [  0,   0,   0,   0,   0,   0,   0,   0,   0,   0,   0,   0,   0,
          0,   0]]),
     'Ground_truth': array([5, 5, 5, ..., 5, 0, 0]),
     'Labels': ['walking',
                'running',
                'shuffling',
                'stairs (ascending)',
                'stairs (descending)',
                'standing',
                'sitting',
                'lying',
                'transition',
                'bending',
                'picking',
                'undefined',
                'cycling (sit)',
                'transport',
                'commute'],
     'Predictions': array([2, 5, 6, ..., 0, 0, 0]),
     'bending': {'f1-score': 0.0,
                 'precision': 0.0,
                 'recall': 0.0,
                 'support': 2},
     'commute': {'f1-score': 0.0,
                 'precision': 0.0,
                 'recall': 0.0,
                 'support': 0},
     'cycling (sit)': {'f1-score': 0.0,
                       'precision': 0.0,
                       'recall': 0.0,
                       'support': 0},
     'lying': {'f1-score': 0.8639308855291576,
               'precision': 0.7936507936507936,
               'recall': 0.9478672985781991,
               'support': 211},
     'macro avg': {'f1-score': 0.4790432625410138,
                   'precision': 0.5357594867939223,
                   'recall': 0.4512334033663366,
                   'support': 1536},
     'micro avg': {'f1-score': 0.8151041666666666,
                   'precision': 0.8151041666666666,
                   'recall': 0.8151041666666666,
                   'support': 1536},
     'picking': {'f1-score': 0.6666666666666666,
                 'precision': 1.0,
                 'recall': 0.5,
                 'support': 2},
     'running': {'f1-score': 0.9090909090909091,
                 'precision': 0.9090909090909091,
                 'recall': 0.9090909090909091,
                 'support': 11},
     'shuffling': {'f1-score': 0.5853658536585366,
                   'precision': 0.631578947368421,
                   'recall': 0.5454545454545454,
                   'support': 22},
     'sitting': {'f1-score': 0.876201923076923,
                 'precision': 0.8647686832740213,
                 'recall': 0.8879415347137637,
                 'support': 821},
     'stairs (ascending)': {'f1-score': 0.6938775510204082,
                            'precision': 1.0,
                            'recall': 0.53125,
                            'support': 32},
     'stairs (descending)': {'f1-score': 0.8205128205128205,
                             'precision': 1.0,
                             'recall': 0.6956521739130435,
                             'support': 23},
     'standing': {'f1-score': 0.5819070904645477,
                  'precision': 0.7041420118343196,
                  'recall': 0.49583333333333335,
                  'support': 240},
     'transition': {'f1-score': 0.34285714285714286,
                    'precision': 0.35294117647058826,
                    'recall': 0.3333333333333333,
                    'support': 18},
     'transport': {'f1-score': 0.0,
                   'precision': 0.0,
                   'recall': 0.0,
                   'support': 0},
     'undefined': {'f1-score': 0.0,
                   'precision': 0.0,
                   'recall': 0.0,
                   'support': 0},
     'walking': {'f1-score': 0.8452380952380951,
                 'precision': 0.7802197802197802,
                 'recall': 0.922077922077922,
                 'support': 154},
     'weighted avg': {'f1-score': 0.8092019864978267,
                      'precision': 0.8162962327089502,
                      'recall': 0.8151041666666666,
                      'support': 1536}},
 7: {'Accuracy': 0.85546875,
     'Confusion_matrix': array([[ 44,   0,   6,   1,   0,   2,   2,   0,   1,   0,   0],
       [  1,   9,   0,   0,   1,   0,   0,   0,   0,   0,   0],
       [  3,   2,  17,   0,   0,   7,   6,   0,   0,   0,   0],
       [  0,   0,   0,   0,   0,   0,   0,   0,   0,   0,   0],
       [  0,   0,   0,   0,   0,   0,   0,   0,   0,   0,   0],
       [  3,   1,   5,   0,   0,  51,  69,   1,   0,   3,   0],
       [  2,   0,   1,   0,   0,  26, 736,   0,   0,   1,   2],
       [  0,   0,   0,   0,   0,   0,   0,  19,   0,   0,   0],
       [  1,   0,   0,   0,   0,   0,   0,   1,   0,   0,   0],
       [  0,   0,   0,   0,   0,   0,   0,   0,   0,   0,   0],
       [  0,   0,   0,   0,   0,   0,   0,   0,   0,   0,   0]]),
     'Ground_truth': array([5, 2, 5, ..., 5, 5, 5]),
     'Labels': ['walking',
                'running',
                'shuffling',
                'stairs (ascending)',
                'stairs (descending)',
                'standing',
                'sitting',
                'lying',
                'transition',
                'undefined',
                'transport'],
     'Predictions': array([5, 6, 6, ..., 6, 6, 2]),
     'lying': {'f1-score': 0.9500000000000001,
               'precision': 0.9047619047619048,
               'recall': 1.0,
               'support': 19},
     'macro avg': {'f1-score': 0.4055153103449858,
                   'precision': 0.414008720439357,
                   'recall': 0.4028547608691149,
                   'support': 1024},
     'micro avg': {'f1-score': 0.85546875,
                   'precision': 0.85546875,
                   'recall': 0.85546875,
                   'support': 1024},
     'running': {'f1-score': 0.7826086956521738,
                 'precision': 0.75,
                 'recall': 0.8181818181818182,
                 'support': 11},
     'shuffling': {'f1-score': 0.53125,
                   'precision': 0.5862068965517241,
                   'recall': 0.4857142857142857,
                   'support': 35},
     'sitting': {'f1-score': 0.9310562934851361,
                 'precision': 0.9052890528905289,
                 'recall': 0.9583333333333334,
                 'support': 768},
     'stairs (ascending)': {'f1-score': 0.0,
                            'precision': 0.0,
                            'recall': 0.0,
                            'support': 0},
     'stairs (descending)': {'f1-score': 0.0,
                             'precision': 0.0,
                             'recall': 0.0,
                             'support': 0},
     'standing': {'f1-score': 0.4657534246575342,
                  'precision': 0.5930232558139535,
                  'recall': 0.38345864661654133,
                  'support': 133},
     'transition': {'f1-score': 0.0,
                    'precision': 0.0,
                    'recall': 0.0,
                    'support': 2},
     'transport': {'f1-score': 0.0,
                   'precision': 0.0,
                   'recall': 0.0,
                   'support': 0},
     'undefined': {'f1-score': 0.0,
                   'precision': 0.0,
                   'recall': 0.0,
                   'support': 0},
     'walking': {'f1-score': 0.7999999999999999,
                 'precision': 0.8148148148148148,
                 'recall': 0.7857142857142857,
                 'support': 56},
     'weighted avg': {'f1-score': 0.8467274262970805,
                      'precision': 0.8454310867603496,
                      'recall': 0.85546875,
                      'support': 1024}},
 8: {'Accuracy': 0.95703125,
     'Confusion_matrix': array([[  9,   0,   1,   0,   0,   0,   0,   0,   0,   0,   0],
       [  0,   0,   0,   0,   0,   0,   0,   0,   0,   0,   0],
       [  2,   0,   2,   0,   0,   0,   0,   0,   0,   0,   0],
       [  0,   1,   0,  17,   1,   0,   0,   0,   0,   0,   0],
       [  0,   0,   0,   0,   0,   0,   0,   0,   0,   0,   0],
       [  0,   0,   0,   0,   0,   0,   0,   0,   0,   0,   0],
       [  0,   0,   0,   0,   0,   1,   0,   0,   0,   0,   0],
       [  2,   3,   0,   1,   2,   1,   0, 430,   0,   3,   1],
       [  0,   0,   0,   0,   0,   0,   0,   2,  31,   1,   0],
       [  0,   0,   0,   0,   0,   0,   0,   0,   0,   1,   0],
       [  0,   0,   0,   0,   0,   0,   0,   0,   0,   0,   0]]),
     'Ground_truth': array([ 5,  3,  3,  5,  5,  5,  5,  5,  5,  5,  0,  0,  5, 12, 12, 12, 12,
       12, 12, 12, 12, 12, 12, 12, 12, 12, 12, 12, 12, 12, 12, 12, 12, 12,
       12, 12, 12, 12, 12, 12,  5,  3,  3,  5,  5,  5,  5,  5,  5,  5,  0,
        0,  5, 12, 12, 12, 12, 12, 12, 12, 12, 12, 12, 12, 12, 12, 12, 12,
       12, 12, 12, 12, 12, 12, 12, 12, 12, 12, 12, 12, 12, 12, 12, 12, 12,
       12, 12, 12, 12, 12, 12, 12, 12, 12, 12, 13, 13, 12, 12, 12, 12, 12,
       12, 12, 12, 12, 12, 12, 12, 12, 12, 12, 12, 12, 12, 12, 12, 12, 12,
       12, 12, 12, 12, 12, 12, 12, 12, 13, 13, 12, 12, 12, 12, 12, 12, 12,
       12, 12, 12, 12, 12, 12, 12, 12, 12, 12, 12, 12, 12, 12, 12, 12, 12,
       12, 12, 12, 12, 12, 12, 12, 12, 12, 12, 12, 12, 12, 12, 12, 12, 12,
       12, 12, 12, 12, 12, 12, 12, 12, 12, 12, 12, 12, 12, 12, 12, 12, 12,
       12, 12, 12, 12, 12, 12, 12, 12, 12, 12, 12, 12, 12, 12, 12, 12, 12,
       12, 12, 12, 12, 12, 12, 12, 12, 12, 12, 12, 12, 13, 13, 12, 12, 12,
       12, 12, 12, 12, 12, 12, 12, 12, 12, 12, 12, 13, 13, 12, 12, 12, 12,
       12, 12, 12, 12, 12, 12, 12, 12, 12, 12, 12, 12, 12, 12, 12, 12, 12,
       12, 12, 13, 12, 12, 12, 12, 12, 12, 12, 12, 12, 12, 12, 12, 12, 12,
       12, 12, 12, 12, 12, 13, 12, 12, 12, 12, 12, 12, 12, 12, 12, 12, 12,
       12, 12, 12, 12, 12, 12, 12, 12, 12, 12, 12, 12, 12, 12, 12, 12, 13,
       13, 12, 13, 13, 13, 13, 13, 13, 13, 13, 16, 11,  0,  5,  0,  0,  0,
        0,  0, 12, 12, 12, 12, 12, 12, 12, 12, 12, 12, 13, 12, 12, 12, 12,
       12, 12, 12, 12, 12, 12, 12, 12, 12, 13, 13, 13, 13, 12, 12, 12, 12,
       12, 12, 12, 12, 12, 12, 12, 12, 12, 12, 12, 12, 12, 12, 12, 12, 12,
       12, 12, 12, 12, 12, 12, 12, 12, 12, 12, 12, 12, 12, 12, 12, 12, 12,
       12, 12, 12, 12, 12, 12, 12, 12, 12, 12, 12, 12, 12, 12, 12, 12, 12,
       12, 12, 12, 12, 12, 12, 12, 12, 12, 12, 12, 12, 12, 12, 12, 12, 12,
       12, 12, 12, 12, 12, 12, 12, 12, 12, 12, 12, 12, 12, 12, 12, 12, 12,
       12, 12, 12, 12, 12, 12, 12, 12, 12, 12, 12, 12, 12, 12, 12, 12, 12,
       12, 12, 12, 12, 12, 12, 12, 12, 12, 12, 12, 12, 12, 12, 12, 12, 12,
       12, 12, 12, 12, 12, 12, 12, 12, 12, 13, 13, 13, 13, 13, 13, 13, 13,
       13, 12, 12, 12, 12, 12, 12, 12, 12, 12, 12, 12, 12, 12, 12, 12, 12,
       12, 12]),
     'Labels': ['walking',
                'shuffling',
                'stairs (ascending)',
                'standing',
                'sitting',
                'transition',
                'undefined',
                'cycling (sit)',
                'cycling (stand)',
                'non-vigorous activity',
                'transport'],
     'Predictions': array([ 5,  3,  0,  5,  5,  5,  5,  5,  5,  5,  0,  0,  2, 12, 12, 12, 12,
       12, 12, 12, 12, 12, 12, 12, 12, 12, 12, 12, 12, 12, 12, 12, 12, 12,
       12, 12, 12, 12, 12, 12,  5,  3,  0,  5,  5,  5,  5,  6,  5,  5,  3,
        0,  5, 12, 12, 12,  0, 12, 12, 12, 12, 12, 12, 12, 12, 12, 12, 12,
       12, 12, 12, 12, 12, 12,  2, 17, 12, 12, 12, 12, 12, 12, 12, 12, 12,
        2, 12, 12,  2, 12, 12, 12, 12, 12, 12, 13, 13, 12, 12, 12, 12, 12,
       12, 12, 12, 12, 12, 12, 12, 12, 12, 12, 12, 12, 12, 12, 12, 12, 12,
       12, 12, 12, 12, 12, 12, 12, 12, 13, 13, 12, 12, 12, 12, 12, 12, 16,
       16, 16,  8, 12,  5, 12, 12, 12, 12, 12, 12, 12, 12, 12, 12, 12, 12,
       12, 12, 12, 12, 12, 12, 12, 12, 12, 12, 12, 12, 12, 12, 12, 12, 12,
       12, 12,  0, 12, 12, 12, 12, 12, 12, 12, 12, 12, 12, 12, 12, 12, 12,
        6, 12, 12, 12, 12, 12, 12, 12, 12, 12, 12, 12, 12, 12, 12, 12, 12,
       12, 12, 12, 12, 12, 12, 12, 12, 12, 12, 12, 12, 13, 13, 12, 12, 12,
       12, 12, 12, 12, 12, 12, 12, 12, 12, 12, 12, 16, 13, 12, 12, 12, 12,
       12, 12, 12, 12, 12, 12, 12, 12, 12, 12, 12, 12, 12, 12, 12, 12, 12,
       12, 12, 13, 12, 12, 12, 12, 12, 12, 12, 12, 12, 12, 12, 12, 12, 12,
       12, 12, 12, 12, 12, 13, 12, 12, 12, 12, 12, 12, 12, 12, 12, 12, 12,
       12, 12, 12, 12, 12, 12, 12, 12, 12, 12, 12, 12, 12, 12, 12, 12, 13,
       13, 12, 13, 13, 13, 13, 13, 13, 12, 12, 16,  8,  0,  5,  0,  0,  0,
        0,  0, 12, 12, 12, 12, 12, 12, 12, 12, 12, 12, 13, 12, 12, 12, 12,
       12, 12, 12, 12, 12, 12, 12, 12, 12, 13, 13, 13, 13, 12, 12, 12, 12,
       12, 12, 12, 12, 12, 12, 12, 12, 12, 12, 12, 12, 12, 12, 12, 12, 12,
       12, 12, 12, 12, 12, 12, 12, 12, 12, 12, 12, 12, 12, 12, 12, 12, 12,
       12, 12, 12, 12, 12, 12, 12, 12, 12, 12, 12, 12, 12, 12, 12, 12, 12,
       12, 12, 12, 12, 12, 12, 12, 12, 12, 12, 12, 12, 12, 12, 12, 12, 12,
       12, 12, 12, 12, 12, 12, 12, 12, 12, 12, 12, 12, 12, 12, 12, 12, 12,
       12, 12, 12, 12, 12, 12, 12, 12, 12, 12, 12, 12, 12, 12, 12, 12, 12,
       12, 12, 12, 12, 12, 12, 12, 12, 12, 12, 12, 12, 12, 12, 12, 12, 12,
       12, 12, 12, 12, 12, 12, 12, 12, 12, 13, 13, 13, 13, 13, 13, 13, 13,
       13, 12, 12, 12, 12, 12, 12, 12, 12,  6, 12, 12, 12, 12, 12, 12, 12,
       12, 12]),
     'cycling (sit)': {'f1-score': 0.9828571428571428,
                       'precision': 0.9953703703703703,
                       'recall': 0.9706546275395034,
                       'support': 443},
     'cycling (stand)': {'f1-score': 0.9538461538461539,
                         'precision': 1.0,
                         'recall': 0.9117647058823529,
                         'support': 34},
     'macro avg': {'f1-score': 0.4129993469123903,
                   'precision': 0.40898083398083396,
                   'recall': 0.47065056141155637,
                   'support': 512},
     'micro avg': {'f1-score': 0.95703125,
                   'precision': 0.95703125,
                   'recall': 0.95703125,
                   'support': 512},
     'non-vigorous activity': {'f1-score': 0.33333333333333337,
                               'precision': 0.2,
                               'recall': 1.0,
                               'support': 1},
     'shuffling': {'f1-score': 0.0,
                   'precision': 0.0,
                   'recall': 0.0,
                   'support': 0},
     'sitting': {'f1-score': 0.0,
                 'precision': 0.0,
                 'recall': 0.0,
                 'support': 0},
     'stairs (ascending)': {'f1-score': 0.5714285714285715,
                            'precision': 0.6666666666666666,
                            'recall': 0.5,
                            'support': 4},
     'standing': {'f1-score': 0.918918918918919,
                  'precision': 0.9444444444444444,
                  'recall': 0.8947368421052632,
                  'support': 19},
     'transition': {'f1-score': 0.0,
                    'precision': 0.0,
                    'recall': 0.0,
                    'support': 0},
     'transport': {'f1-score': 0.0,
                   'precision': 0.0,
                   'recall': 0.0,
                   'support': 0},
     'undefined': {'f1-score': 0.0,
                   'precision': 0.0,
                   'recall': 0.0,
                   'support': 1},
     'walking': {'f1-score': 0.7826086956521738,
                 'precision': 0.6923076923076923,
                 'recall': 0.9,
                 'support': 10},
     'weighted avg': {'f1-score': 0.9682442920927974,
                      'precision': 0.9818032463051994,
                      'recall': 0.95703125,
                      'support': 512}},
 9: {'Accuracy': 0.712890625,
     'Confusion_matrix': array([[ 92,   0,   2,   0,   0,   0,   1,   0,   0,   0,   0,   0,   0,
          0,   0,   0,   0,   0],
       [  0,   0,   0,   0,   0,   0,   0,   0,   0,   0,   0,   0,   0,
          0,   0,   0,   0,   0],
       [ 12,   0,  65,   0,   0,   9,   7,   1,   0,   0,   2,   1,   0,
          0,   1,   0,   0,   0],
       [  0,   0,   0,   2,   0,   1,   1,   0,   0,   0,   0,   0,   0,
          0,   0,   0,   0,   0],
       [  1,   0,   0,   0,   2,   1,   0,   0,   0,   0,   0,   0,   0,
          0,   0,   0,   0,   0],
       [  8,   0,   3,   0,   1, 194,  94,   1,   0,   0,   1,   0,   0,
          0,   0,   0,   0,   0],
       [  4,   0,   1,   0,   2,  35, 696,   1,   2,   0,   0,   0,   0,
          0,   0,   0,   1,   0],
       [  0,   0,   0,   0,   0,   0,   0,   0,   0,   0,   0,   0,   0,
          0,   0,   0,   0,   0],
       [  1,   0,   0,   0,   0,   1,   0,   0,   2,   0,   0,   0,   0,
          0,   0,   0,   0,   0],
       [  2,   0,   0,   0,   0,   3,   4,   1,   0,   1,   1,   0,   0,
          0,   0,   0,   3,   1],
       [  1,   1,   0,   0,   0,   0,   0,   1,   0,   0,   0,   0,   0,
          0,   0,   1,   0,   0],
       [  2,   0,   1,   1,   1,   3,   1,   1,   0,   0,   0,   0,   0,
          0,   0,   0,   0,   0],
       [  1,   1,   0,   0,   0,   0,   0,   0,   0,   0,   0,   0,  26,
          3,   0,   0,   0,   0],
       [  0,   2,   0,   0,   0,   1,   0,   0,   0,   0,   0,   0,   1,
          2,   0,   0,   0,   0],
       [  0,   0,   0,   0,   0,   0,   0,   0,   0,   0,   0,   0,   0,
          0,   0,   0,   0,   0],
       [  0,   0,   0,   0,   0,   4,   1,   0,   1,   0,   0,   0,   2,
          0,   0,   2,   0,   0],
       [  5,   0,   7,   0,   3,  41, 125,   0,  10,   0,   5,   1,   1,
          0,   1,   0,  11,   0],
       [  0,   0,   0,   0,   0,   0,   0,   0,   0,   0,   0,   0,   0,
          0,   0,   0,   0,   0]]),
     'Ground_truth': array([5, 5, 0, ..., 6, 6, 6]),
     'Labels': ['walking',
                'running',
                'shuffling',
                'stairs (ascending)',
                'stairs (descending)',
                'standing',
                'sitting',
                'lying',
                'transition',
                'bending',
                'picking',
                'undefined',
                'cycling (sit)',
                'cycling (stand)',
                'heel drop',
                'non-vigorous activity',
                'transport',
                'commute'],
     'Predictions': array([6, 5, 0, ..., 6, 6, 6]),
     'bending': {'f1-score': 0.11764705882352941,
                 'precision': 1.0,
                 'recall': 0.0625,
                 'support': 16},
     'commute': {'f1-score': 0.0,
                 'precision': 0.0,
                 'recall': 0.0,
                 'support': 0},
     'cycling (sit)': {'f1-score': 0.8524590163934426,
                       'precision': 0.8666666666666667,
                       'recall': 0.8387096774193549,
                       'support': 31},
     'cycling (stand)': {'f1-score': 0.3636363636363636,
                         'precision': 0.4,
                         'recall': 0.3333333333333333,
                         'support': 6},
     'heel drop': {'f1-score': 0.0,
                   'precision': 0.0,
                   'recall': 0.0,
                   'support': 0},
     'lying': {'f1-score': 0.0, 'precision': 0.0, 'recall': 0.0, 'support': 0},
     'macro avg': {'f1-score': 0.3260771273890057,
                   'precision': 0.42418639618438553,
                   'recall': 0.3443888788157507,
                   'support': 1536},
     'micro avg': {'f1-score': 0.712890625,
                   'precision': 0.712890625,
                   'recall': 0.712890625,
                   'support': 1536},
     'non-vigorous activity': {'f1-score': 0.30769230769230765,
                               'precision': 0.6666666666666666,
                               'recall': 0.2,
                               'support': 10},
     'picking': {'f1-score': 0.0,
                 'precision': 0.0,
                 'recall': 0.0,
                 'support': 4},
     'running': {'f1-score': 0.0,
                 'precision': 0.0,
                 'recall': 0.0,
                 'support': 0},
     'shuffling': {'f1-score': 0.7344632768361582,
                   'precision': 0.8227848101265823,
                   'recall': 0.6632653061224489,
                   'support': 98},
     'sitting': {'f1-score': 0.8325358851674641,
                 'precision': 0.7483870967741936,
                 'recall': 0.9380053908355795,
                 'support': 742},
     'stairs (ascending)': {'f1-score': 0.5714285714285715,
                            'precision': 0.6666666666666666,
                            'recall': 0.5,
                            'support': 4},
     'stairs (descending)': {'f1-score': 0.30769230769230765,
                             'precision': 0.2222222222222222,
                             'recall': 0.5,
                             'support': 4},
     'standing': {'f1-score': 0.6521008403361344,
                  'precision': 0.6621160409556314,
                  'recall': 0.6423841059602649,
                  'support': 302},
     'transition': {'f1-score': 0.2105263157894737,
                    'precision': 0.13333333333333333,
                    'recall': 0.5,
                    'support': 4},
     'transport': {'f1-score': 0.09777777777777778,
                   'precision': 0.7333333333333333,
                   'recall': 0.05238095238095238,
                   'support': 210},
     'undefined': {'f1-score': 0.0,
                   'precision': 0.0,
                   'recall': 0.0,
                   'support': 10},
     'walking': {'f1-score': 0.8214285714285715,
                 'precision': 0.7131782945736435,
                 'recall': 0.968421052631579,
                 'support': 95},
     'weighted avg': {'f1-score': 0.6661122668050247,
                      'precision': 0.7250451443842291,
                      'recall': 0.712890625,
                      'support': 1536}},
 10: {'Accuracy': 0.646484375,
      'Confusion_matrix': array([[455,   2,   0,   1,   0,   1,   3,   0,   1,   0,   0,   0,   0],
       [  4,  61,   0,   1,  11,   5,   0,   0,   0,   0,   0,   0,   0],
       [  1,   0,   2,   0,   0,   0,   0,   0,   0,   0,   0,   0,   0],
       [  0,   0,   0,  12,   0,   0,   0,   0,   0,   0,   0,   0,   0],
       [  2,   3,   0,   0,  87,  73,   0,   0,   0,   0,   0,   0,   0],
       [  0,   0,   0,   0,   3,  35,   0,   0,   0,   0,   0,   0,   0],
       [  0,   0,   0,   0,   0,   0,   0,   0,   0,   0,   0,   0,   0],
       [  0,   0,   0,   0,   0,   0,   0,   1,   0,   0,   0,   0,   0],
       [  0,   0,   0,   0,   0,   0,   0,   0,   1,   0,   0,   0,   0],
       [  0,   0,   0,   1,   0,   1,   0,   0,   0,   0,   0,   0,   0],
       [  0,   0,   0,   0,   0,   0,   0,   0,   0,   0,   0,   0,   0],
       [  2,   3,   0,   3,  69,  56,   0,   4,   3,   0,   0,   8,   0],
       [  4,  18,   1,   2,  36,  30,   2,   0,   4,  10,   2,   0,   0]]),
      'Ground_truth': array([5, 2, 2, ..., 2, 5, 2]),
      'Labels': ['walking',
                 'shuffling',
                 'stairs (ascending)',
                 'stairs (descending)',
                 'standing',
                 'sitting',
                 'lying',
                 'transition',
                 'bending',
                 'undefined',
                 'heel drop',
                 'transport',
                 'commute'],
      'Predictions': array([5, 2, 5, ..., 2, 5, 2]),
      'bending': {'f1-score': 0.19999999999999998,
                  'precision': 0.1111111111111111,
                  'recall': 1.0,
                  'support': 1},
      'commute': {'f1-score': 0.0,
                  'precision': 0.0,
                  'recall': 0.0,
                  'support': 109},
      'heel drop': {'f1-score': 0.0,
                    'precision': 0.0,
                    'recall': 0.0,
                    'support': 0},
      'lying': {'f1-score': 0.0, 'precision': 0.0, 'recall': 0.0, 'support': 0},
      'macro avg': {'f1-score': 0.34721468672441624,
                    'precision': 0.37289299043142815,
                    'recall': 0.5304361462220156,
                    'support': 1024},
      'micro avg': {'f1-score': 0.646484375,
                    'precision': 0.646484375,
                    'recall': 0.646484375,
                    'support': 1024},
      'shuffling': {'f1-score': 0.7218934911242605,
                    'precision': 0.7011494252873564,
                    'recall': 0.7439024390243902,
                    'support': 82},
      'sitting': {'f1-score': 0.29288702928870297,
                  'precision': 0.17412935323383086,
                  'recall': 0.9210526315789473,
                  'support': 38},
      'stairs (ascending)': {'f1-score': 0.6666666666666666,
                             'precision': 0.6666666666666666,
                             'recall': 0.6666666666666666,
                             'support': 3},
      'stairs (descending)': {'f1-score': 0.7499999999999999,
                              'precision': 0.6,
                              'recall': 1.0,
                              'support': 12},
      'standing': {'f1-score': 0.4690026954177897,
                   'precision': 0.4223300970873786,
                   'recall': 0.5272727272727272,
                   'support': 165},
      'transition': {'f1-score': 0.33333333333333337,
                     'precision': 0.2,
                     'recall': 1.0,
                     'support': 1},
      'transport': {'f1-score': 0.10256410256410257,
                    'precision': 1.0,
                    'recall': 0.05405405405405406,
                    'support': 148},
      'undefined': {'f1-score': 0.0,
                    'precision': 0.0,
                    'recall': 0.0,
                    'support': 2},
      'walking': {'f1-score': 0.9774436090225563,
                  'precision': 0.9722222222222222,
                  'recall': 0.9827213822894169,
                  'support': 463},
      'weighted avg': {'f1-score': 0.6122847945501557,
                       'precision': 0.7240680022615881,
                       'recall': 0.646484375,
                       'support': 1024}},
 11: {'Accuracy': 0.7701822916666666,
      'Confusion_matrix': array([[108,   0,   4,   0,   0,   3,   0,   1,   1,   0,   0,   0,   1,
          0,   0,   0,   0,   0],
       [  0,   7,   0,   0,   4,   0,   0,   0,   0,   0,   0,   0,   0,
          0,   0,   0,   0,   0],
       [  3,   0,  37,   0,   0,  11,   3,   0,   0,   0,   0,   0,   0,
          0,   0,   0,   0,   1],
       [  5,   0,   0,  17,   0,   0,   0,   1,   1,   0,   1,   0,   0,
          0,   0,   0,   0,   0],
       [  1,   0,   0,   0,  24,   0,   0,   0,   0,   0,   0,   0,   0,
          0,   0,   0,   0,   0],
       [  3,   0,  16,   0,   0, 151,  70,   2,   1,   0,   0,   2,   0,
          0,   0,   1,   0,   1],
       [ 12,   0,   4,   0,   2, 115, 772,   0,   1,   1,   0,   4,   0,
          0,   0,   0,  12,   0],
       [  0,   0,   0,   0,   0,   0,   1,  23,   1,   0,   0,   0,   0,
          0,   0,   0,   0,   0],
       [  0,   0,   0,   0,   1,   0,   0,   1,   5,   0,   0,   0,   0,
          0,   0,   0,   0,   0],
       [  0,   0,   0,   0,   0,   0,   0,   0,   0,   3,   0,   0,   0,
          0,   0,   0,   0,   0],
       [  0,   0,   0,   0,   0,   1,   0,   0,   0,   0,   1,   0,   0,
          0,   0,   0,   0,   0],
       [  1,   0,   6,   0,   0,   5,   3,   1,   0,   0,   0,   2,   0,
          0,   0,   0,   0,   0],
       [  1,   0,   3,   0,   0,   0,   0,   0,   0,   1,   0,   0,  18,
          0,   0,   0,   0,   0],
       [  0,   0,   0,   0,   0,   0,   0,   0,   0,   0,   0,   0,   0,
          0,   0,   0,   0,   0],
       [  0,   1,   0,   0,  10,   3,   1,   1,   2,   1,   1,   2,   0,
          1,   2,   2,   0,   0],
       [  0,   0,   0,   0,   0,   2,   1,   1,   1,   3,   3,   0,   0,
          0,   0,  13,   0,   3],
       [  0,   0,   0,   0,   0,   0,   0,   0,   0,   0,   0,   0,   0,
          0,   0,   0,   0,   0],
       [  0,   0,   0,   0,   0,   0,   0,   0,   0,   0,   0,   0,   0,
          0,   0,   0,   0,   0]]),
      'Ground_truth': array([5, 5, 5, ..., 6, 6, 6]),
      'Labels': ['walking',
                 'running',
                 'shuffling',
                 'stairs (ascending)',
                 'stairs (descending)',
                 'standing',
                 'sitting',
                 'lying',
                 'transition',
                 'bending',
                 'picking',
                 'undefined',
                 'cycling (sit)',
                 'cycling (stand)',
                 'vigorous activity',
                 'non-vigorous activity',
                 'transport',
                 'commute'],
      'Predictions': array([5, 5, 5, ..., 6, 6, 6]),
      'bending': {'f1-score': 0.5,
                  'precision': 0.3333333333333333,
                  'recall': 1.0,
                  'support': 3},
      'commute': {'f1-score': 0.0,
                  'precision': 0.0,
                  'recall': 0.0,
                  'support': 0},
      'cycling (sit)': {'f1-score': 0.8571428571428571,
                        'precision': 0.9473684210526315,
                        'recall': 0.782608695652174,
                        'support': 23},
      'cycling (stand)': {'f1-score': 0.0,
                          'precision': 0.0,
                          'recall': 0.0,
                          'support': 0},
      'lying': {'f1-score': 0.8214285714285714,
                'precision': 0.7419354838709677,
                'recall': 0.92,
                'support': 25},
      'macro avg': {'f1-score': 0.49824889169662967,
                    'precision': 0.5448552834593395,
                    'recall': 0.5497580716087997,
                    'support': 1536},
      'micro avg': {'f1-score': 0.7701822916666666,
                    'precision': 0.7701822916666666,
                    'recall': 0.7701822916666666,
                    'support': 1536},
      'non-vigorous activity': {'f1-score': 0.6046511627906976,
                                'precision': 0.8125,
                                'recall': 0.48148148148148145,
                                'support': 27},
      'picking': {'f1-score': 0.25,
                  'precision': 0.16666666666666666,
                  'recall': 0.5,
                  'support': 2},
      'running': {'f1-score': 0.7368421052631579,
                  'precision': 0.875,
                  'recall': 0.6363636363636364,
                  'support': 11},
      'shuffling': {'f1-score': 0.5920000000000001,
                    'precision': 0.5285714285714286,
                    'recall': 0.6727272727272727,
                    'support': 55},
      'sitting': {'f1-score': 0.870349492671928,
                  'precision': 0.9071680376028202,
                  'recall': 0.8364030335861322,
                  'support': 923},
      'stairs (ascending)': {'f1-score': 0.8095238095238095,
                             'precision': 1.0,
                             'recall': 0.68,
                             'support': 25},
      'stairs (descending)': {'f1-score': 0.7272727272727272,
                              'precision': 0.5853658536585366,
                              'recall': 0.96,
                              'support': 25},
      'standing': {'f1-score': 0.5613382899628253,
                   'precision': 0.5189003436426117,
                   'recall': 0.611336032388664,
                   'support': 247},
      'transition': {'f1-score': 0.5,
                     'precision': 0.38461538461538464,
                     'recall': 0.7142857142857143,
                     'support': 7},
      'transport': {'f1-score': 0.0,
                    'precision': 0.0,
                    'recall': 0.0,
                    'support': 0},
      'undefined': {'f1-score': 0.14285714285714285,
                    'precision': 0.2,
                    'recall': 0.1111111111111111,
                    'support': 18},
      'vigorous activity': {'f1-score': 0.13793103448275862,
                            'precision': 1.0,
                            'recall': 0.07407407407407407,
                            'support': 27},
      'walking': {'f1-score': 0.8571428571428572,
                  'precision': 0.8059701492537313,
                  'recall': 0.9152542372881356,
                  'support': 118},
      'weighted avg': {'f1-score': 0.7751186985517476,
                       'precision': 0.8045706627074128,
                       'recall': 0.7701822916666666,
                       'support': 1536}},
 12: {'Accuracy': 0.8098958333333334,
      'Confusion_matrix': array([[ 99,   0,   2,   1,   0,   2,   1,   0,   1,   0,   0,   0,   0,
          0,   0],
       [  0,   0,   0,   0,   0,   0,   0,   0,   0,   0,   0,   0,   0,
          0,   0],
       [  2,   1,  22,   0,   0,   1,   0,   0,   0,   0,   0,   0,   0,
          0,   0],
       [  0,   0,   0,   3,   0,   0,   0,   0,   0,   0,   0,   1,   0,
          0,   0],
       [  2,   0,   0,   0,   3,   0,   1,   0,   0,   0,   0,   0,   0,
          0,   0],
       [  5,   0,   4,   0,   0, 209,  82,   1,   0,   0,   0,   0,   0,
          0,   0],
       [  0,   1,   0,   0,   1, 109, 702,   1,   2,   0,   0,   0,   0,
          0,   0],
       [  0,   0,   1,   0,   0,   0,  31,  53,   1,   0,   0,   0,   0,
          0,   0],
       [  0,   0,   0,   0,   0,   1,   1,   0,   4,   0,   0,   1,   0,
          0,   0],
       [  2,   0,   1,   0,   0,   2,   1,   1,   0,   3,   1,   1,   0,
          0,   0],
       [  0,   1,   1,   0,   0,   2,   0,   0,   0,   0,   0,   0,   0,
          0,   0],
       [  0,   0,   0,   0,   0,   0,   0,   0,   0,   0,   0,   1,   0,
          0,   0],
       [  1,   0,   0,   0,   0,   0,   7,   0,   0,   0,   0,   0, 134,
          0,   1],
       [  0,   0,   0,   0,   0,   0,   1,   0,   0,   2,   0,   0,   3,
         11,   0],
       [  1,   0,   0,   0,   0,   1,   1,   2,   0,   2,   0,   0,   0,
          0,   0]]),
      'Ground_truth': array([5, 5, 5, ..., 5, 5, 2]),
      'Labels': ['walking',
                 'running',
                 'shuffling',
                 'stairs (ascending)',
                 'stairs (descending)',
                 'standing',
                 'sitting',
                 'lying',
                 'transition',
                 'bending',
                 'picking',
                 'undefined',
                 'cycling (sit)',
                 'cycling (stand)',
                 'non-vigorous activity'],
      'Predictions': array([5, 0, 5, ..., 6, 5, 2]),
      'bending': {'f1-score': 0.3157894736842105,
                  'precision': 0.42857142857142855,
                  'recall': 0.25,
                  'support': 12},
      'cycling (sit)': {'f1-score': 0.9571428571428573,
                        'precision': 0.9781021897810219,
                        'recall': 0.9370629370629371,
                        'support': 143},
      'cycling (stand)': {'f1-score': 0.7857142857142858,
                          'precision': 1.0,
                          'recall': 0.6470588235294118,
                          'support': 17},
      'lying': {'f1-score': 0.736111111111111,
                'precision': 0.9137931034482759,
                'recall': 0.6162790697674418,
                'support': 86},
      'macro avg': {'f1-score': 0.5518598306908463,
                    'precision': 0.5767361686951672,
                    'recall': 0.5737727859472432,
                    'support': 1536},
      'micro avg': {'f1-score': 0.8098958333333334,
                    'precision': 0.8098958333333334,
                    'recall': 0.8098958333333334,
                    'support': 1536},
      'non-vigorous activity': {'f1-score': 0.0,
                                'precision': 0.0,
                                'recall': 0.0,
                                'support': 7},
      'picking': {'f1-score': 0.0,
                  'precision': 0.0,
                  'recall': 0.0,
                  'support': 4},
      'running': {'f1-score': 0.0,
                  'precision': 0.0,
                  'recall': 0.0,
                  'support': 0},
      'shuffling': {'f1-score': 0.7719298245614036,
                    'precision': 0.7096774193548387,
                    'recall': 0.8461538461538461,
                    'support': 26},
      'sitting': {'f1-score': 0.854014598540146,
                  'precision': 0.8478260869565217,
                  'recall': 0.8602941176470589,
                  'support': 816},
      'stairs (ascending)': {'f1-score': 0.75,
                             'precision': 0.75,
                             'recall': 0.75,
                             'support': 4},
      'stairs (descending)': {'f1-score': 0.6,
                              'precision': 0.75,
                              'recall': 0.5,
                              'support': 6},
      'standing': {'f1-score': 0.6656050955414013,
                   'precision': 0.6391437308868502,
                   'recall': 0.6943521594684385,
                   'support': 301},
      'transition': {'f1-score': 0.5333333333333333,
                     'precision': 0.5,
                     'recall': 0.5714285714285714,
                     'support': 7},
      'undefined': {'f1-score': 0.4,
                    'precision': 0.25,
                    'recall': 1.0,
                    'support': 1},
      'walking': {'f1-score': 0.908256880733945,
                  'precision': 0.8839285714285714,
                  'recall': 0.9339622641509434,
                  'support': 106},
      'weighted avg': {'f1-score': 0.8083498600031164,
                       'precision': 0.8126328571655033,
                       'recall': 0.8098958333333334,
                       'support': 1536}},
 13: {'Accuracy': 0.78515625,
      'Confusion_matrix': array([[281,   0,   3,   1,   0,   3,   0,   0,   0,   0,   0,   0,   0,
          0,   0,   0,   0,   0],
       [  1,   8,   0,   0,   0,   0,   0,   0,   0,   0,   0,   0,   0,
          0,   0,   0,   0,   0],
       [  4,   0,  39,   0,   0,   2,   0,   1,   1,   0,   0,   0,   0,
          0,   0,   0,   0,   0],
       [  5,   0,   0,  18,   0,   0,   1,   0,   0,   0,   0,   0,   0,
          0,   0,   0,   0,   0],
       [  8,   0,   0,   0,  12,   1,   0,   0,   0,   0,   0,   0,   0,
          0,   0,   0,   0,   0],
       [  0,   2,   8,   0,   1, 119, 111,   0,   1,   0,   1,   0,   0,
          0,   0,   0,   3,   0],
       [  0,   0,  10,   0,   0,  15, 196,   0,   0,   0,   1,   1,   0,
          0,   1,   0,   1,   0],
       [  0,   0,   1,   0,   0,   0,   0,  74,   0,   0,   0,   1,   1,
          0,   0,   0,   0,   0],
       [  2,   0,   0,   0,   0,   1,   0,   1,   6,   0,   0,   0,   0,
          0,   0,   0,   0,   0],
       [  0,   0,   0,   1,   1,   2,   0,   0,   1,   1,   0,   0,   0,
          0,   0,   0,   0,   0],
       [  0,   0,   0,   0,   0,   0,   2,   0,   0,   0,   0,   0,   0,
          0,   0,   0,   0,   0],
       [  0,   0,   0,   0,   0,   0,   1,   0,   1,   0,   1,   0,   0,
          0,   0,   0,   0,   2],
       [  0,   0,   0,   1,   0,   0,   7,   0,   0,   1,   1,   0,  49,
          1,   0,   0,   0,   0],
       [  0,   0,   0,   0,   0,   0,   2,   0,   0,   0,   0,   0,   0,
          0,   0,   0,   0,   0],
       [  0,   0,   0,   0,   0,   0,   0,   0,   0,   0,   0,   0,   0,
          0,   0,   0,   0,   0],
       [  0,   1,   0,   0,   0,   0,   0,   0,   0,   0,   0,   0,   0,
          0,   0,   1,   0,   0],
       [  0,   0,   0,   0,   0,   0,   0,   0,   0,   0,   0,   0,   0,
          0,   0,   0,   0,   0],
       [  0,   0,   0,   0,   0,   0,   0,   0,   0,   0,   0,   0,   0,
          0,   0,   0,   0,   0]]),
      'Ground_truth': array([5, 0, 5, ..., 6, 6, 6]),
      'Labels': ['walking',
                 'running',
                 'shuffling',
                 'stairs (ascending)',
                 'stairs (descending)',
                 'standing',
                 'sitting',
                 'lying',
                 'transition',
                 'bending',
                 'picking',
                 'undefined',
                 'cycling (sit)',
                 'cycling (stand)',
                 'heel drop',
                 'non-vigorous activity',
                 'transport',
                 'commute'],
      'Predictions': array([5, 0, 6, ..., 6, 6, 6]),
      'bending': {'f1-score': 0.25,
                  'precision': 0.5,
                  'recall': 0.16666666666666666,
                  'support': 6},
      'commute': {'f1-score': 0.0,
                  'precision': 0.0,
                  'recall': 0.0,
                  'support': 0},
      'cycling (sit)': {'f1-score': 0.890909090909091,
                        'precision': 0.98,
                        'recall': 0.8166666666666667,
                        'support': 60},
      'cycling (stand)': {'f1-score': 0.0,
                          'precision': 0.0,
                          'recall': 0.0,
                          'support': 2},
      'heel drop': {'f1-score': 0.0,
                    'precision': 0.0,
                    'recall': 0.0,
                    'support': 0},
      'lying': {'f1-score': 0.9673202614379085,
                'precision': 0.9736842105263158,
                'recall': 0.961038961038961,
                'support': 77},
      'macro avg': {'f1-score': 0.4815601870737674,
                    'precision': 0.5284894202124122,
                    'recall': 0.46750124342701316,
                    'support': 1024},
      'micro avg': {'f1-score': 0.78515625,
                    'precision': 0.78515625,
                    'recall': 0.78515625,
                    'support': 1024},
      'non-vigorous activity': {'f1-score': 0.6666666666666666,
                                'precision': 1.0,
                                'recall': 0.5,
                                'support': 2},
      'picking': {'f1-score': 0.0,
                  'precision': 0.0,
                  'recall': 0.0,
                  'support': 2},
      'running': {'f1-score': 0.7999999999999999,
                  'precision': 0.7272727272727273,
                  'recall': 0.8888888888888888,
                  'support': 9},
      'shuffling': {'f1-score': 0.7222222222222223,
                    'precision': 0.639344262295082,
                    'recall': 0.8297872340425532,
                    'support': 47},
      'sitting': {'f1-score': 0.7192660550458715,
                  'precision': 0.6125,
                  'recall': 0.8711111111111111,
                  'support': 225},
      'stairs (ascending)': {'f1-score': 0.7999999999999999,
                             'precision': 0.8571428571428571,
                             'recall': 0.75,
                             'support': 24},
      'stairs (descending)': {'f1-score': 0.6857142857142857,
                              'precision': 0.8571428571428571,
                              'recall': 0.5714285714285714,
                              'support': 21},
      'standing': {'f1-score': 0.6118251928020566,
                   'precision': 0.8321678321678322,
                   'recall': 0.483739837398374,
                   'support': 246},
      'transition': {'f1-score': 0.6,
                     'precision': 0.6,
                     'recall': 0.6,
                     'support': 10},
      'transport': {'f1-score': 0.0,
                    'precision': 0.0,
                    'recall': 0.0,
                    'support': 0},
      'undefined': {'f1-score': 0.0,
                    'precision': 0.0,
                    'recall': 0.0,
                    'support': 5},
      'walking': {'f1-score': 0.9541595925297113,
                  'precision': 0.9335548172757475,
                  'recall': 0.9756944444444444,
                  'support': 288},
      'weighted avg': {'f1-score': 0.7799392635021738,
                       'precision': 0.8118450407656058,
                       'recall': 0.78515625,
                       'support': 1024}},
 14: {'Accuracy': 0.7975260416666666,
      'Confusion_matrix': array([[139,   0,   6,   0,   0,   3,   0,   0,   0,   1,   0,   0,   0,
          0,   0,   0],
       [  0,  14,   0,   0,   1,   0,   0,   0,   0,   0,   0,   0,   0,
          0,   0,   0],
       [  3,   0, 110,   0,   0,   7,   0,   0,   1,   0,   0,   0,   0,
          0,   0,   0],
       [  2,   0,   1,  16,   1,   0,   0,   0,   0,   0,   0,   0,   0,
          0,   0,   0],
       [  0,   0,   0,   0,  15,   0,   0,   0,   0,   0,   0,   0,   0,
          0,   0,   0],
       [  2,   0,   3,   1,   1, 146,  53,   0,   1,   0,   0,   0,   0,
          0,   7,   1],
       [ 10,   0,   1,   0,   2, 172, 699,   2,   0,   4,   1,   1,   0,
          0,   1,   0],
       [  0,   0,   0,   0,   1,   0,   0,  30,   0,   0,   0,   0,   0,
          0,   0,   0],
       [  1,   0,   0,   0,   0,   1,   0,   3,   9,   0,   0,   0,   0,
          0,   0,   0],
       [  0,   0,   0,   0,   2,   0,   0,   0,   2,   5,   1,   0,   0,
          0,   0,   0],
       [  0,   0,   0,   0,   0,   0,   0,   0,   0,   0,   0,   0,   0,
          0,   0,   0],
       [  0,   0,   0,   0,   0,   0,   0,   0,   0,   0,   0,   0,   0,
          0,   0,   0],
       [  0,   0,   2,   0,   0,   0,   0,   0,   0,   0,   1,   0,  10,
          0,   0,   0],
       [  0,   0,   0,   0,   0,   3,   4,   0,   0,   0,   0,   0,   0,
         32,   1,   0],
       [  0,   0,   0,   0,   0,   0,   0,   0,   0,   0,   0,   0,   0,
          0,   0,   0],
       [  0,   0,   0,   0,   0,   0,   0,   0,   0,   0,   0,   0,   0,
          0,   0,   0]]),
      'Ground_truth': array([2, 2, 0, ..., 6, 6, 6]),
      'Labels': ['walking',
                 'running',
                 'shuffling',
                 'stairs (ascending)',
                 'stairs (descending)',
                 'standing',
                 'sitting',
                 'lying',
                 'transition',
                 'bending',
                 'picking',
                 'undefined',
                 'cycling (sit)',
                 'non-vigorous activity',
                 'transport',
                 'commute'],
      'Predictions': array([2, 2, 0, ..., 5, 5, 5]),
      'bending': {'f1-score': 0.5,
                  'precision': 0.5,
                  'recall': 0.5,
                  'support': 10},
      'commute': {'f1-score': 0.0,
                  'precision': 0.0,
                  'recall': 0.0,
                  'support': 0},
      'cycling (sit)': {'f1-score': 0.8695652173913044,
                        'precision': 1.0,
                        'recall': 0.7692307692307693,
                        'support': 13},
      'lying': {'f1-score': 0.909090909090909,
                'precision': 0.8571428571428571,
                'recall': 0.967741935483871,
                'support': 31},
      'macro avg': {'f1-score': 0.6028631829391801,
                    'precision': 0.6116764003369239,
                    'recall': 0.6073102826697923,
                    'support': 1536},
      'micro avg': {'f1-score': 0.7975260416666666,
                    'precision': 0.7975260416666666,
                    'recall': 0.7975260416666666,
                    'support': 1536},
      'non-vigorous activity': {'f1-score': 0.888888888888889,
                                'precision': 1.0,
                                'recall': 0.8,
                                'support': 40},
      'picking': {'f1-score': 0.0,
                  'precision': 0.0,
                  'recall': 0.0,
                  'support': 0},
      'running': {'f1-score': 0.9655172413793104,
                  'precision': 1.0,
                  'recall': 0.9333333333333333,
                  'support': 15},
      'shuffling': {'f1-score': 0.9016393442622952,
                    'precision': 0.8943089430894309,
                    'recall': 0.9090909090909091,
                    'support': 121},
      'sitting': {'f1-score': 0.8477865372953307,
                  'precision': 0.9246031746031746,
                  'recall': 0.7827547592385219,
                  'support': 893},
      'stairs (ascending)': {'f1-score': 0.8648648648648648,
                             'precision': 0.9411764705882353,
                             'recall': 0.8,
                             'support': 20},
      'stairs (descending)': {'f1-score': 0.7894736842105263,
                              'precision': 0.6521739130434783,
                              'recall': 1.0,
                              'support': 15},
      'standing': {'f1-score': 0.5338208409506399,
                   'precision': 0.4397590361445783,
                   'recall': 0.6790697674418604,
                   'support': 215},
      'transition': {'f1-score': 0.6666666666666666,
                     'precision': 0.6923076923076923,
                     'recall': 0.6428571428571429,
                     'support': 14},
      'transport': {'f1-score': 0.0,
                    'precision': 0.0,
                    'recall': 0.0,
                    'support': 0},
      'undefined': {'f1-score': 0.0,
                    'precision': 0.0,
                    'recall': 0.0,
                    'support': 0},
      'walking': {'f1-score': 0.9084967320261438,
                  'precision': 0.8853503184713376,
                  'recall': 0.9328859060402684,
                  'support': 149},
      'weighted avg': {'f1-score': 0.8133505523533137,
                       'precision': 0.8451935427271633,
                       'recall': 0.7975260416666666,
                       'support': 1536}},
 15: {'Accuracy': 0.7705078125,
      'Confusion_matrix': array([[ 83,   0,   0,   0,   1,   2,   4,   0,   0,   0,   0,   1,   0,
          0],
       [  1,   9,   0,   0,   0,   0,   0,   0,   0,   0,   0,   0,   0,
          0],
       [  0,   0,   8,   0,   0,   2,   3,   0,   0,   1,   0,   0,   0,
          0],
       [  3,   0,   0,  20,   0,   0,   0,   0,   0,   0,   0,   0,   0,
          0],
       [  6,   2,   0,   0,   7,   1,   0,   0,   0,   0,   0,   0,   0,
          0],
       [  5,   0,   0,   0,   1,  16,  55,   0,   0,   0,   0,   0,   0,
          1],
       [ 15,   0,   1,   0,   0,  93, 544,   2,   1,   1,   0,   0,   0,
          0],
       [  1,   1,   0,   0,   0,   0,   2,  99,   8,   2,   1,   6,   0,
          0],
       [  0,   0,   0,   0,   0,   0,   0,   3,   1,   0,   1,   0,   0,
          0],
       [  0,   0,   0,   0,   0,   0,   1,   2,   0,   0,   1,   0,   2,
          0],
       [  1,   0,   0,   0,   0,   0,   0,   1,   0,   0,   2,   0,   0,
          0],
       [  0,   0,   0,   0,   0,   0,   0,   0,   0,   0,   0,   0,   0,
          0],
       [  0,   0,   0,   0,   0,   0,   0,   0,   0,   0,   0,   0,   0,
          0],
       [  0,   0,   0,   0,   0,   0,   0,   0,   0,   0,   0,   0,   0,
          0]]),
      'Ground_truth': array([5, 5, 5, ..., 6, 6, 6]),
      'Labels': ['walking',
                 'running',
                 'shuffling',
                 'stairs (ascending)',
                 'stairs (descending)',
                 'standing',
                 'sitting',
                 'lying',
                 'transition',
                 'bending',
                 'picking',
                 'undefined',
                 'cycling (sit)',
                 'transport'],
      'Predictions': array([6, 6, 6, ..., 6, 6, 6]),
      'bending': {'f1-score': 0.0,
                  'precision': 0.0,
                  'recall': 0.0,
                  'support': 6},
      'cycling (sit)': {'f1-score': 0.0,
                        'precision': 0.0,
                        'recall': 0.0,
                        'support': 0},
      'lying': {'f1-score': 0.8722466960352423,
                'precision': 0.9252336448598131,
                'recall': 0.825,
                'support': 120},
      'macro avg': {'f1-score': 0.4489987583911974,
                    'precision': 0.4712327122173276,
                    'recall': 0.44633685673686097,
                    'support': 1024},
      'micro avg': {'f1-score': 0.7705078125,
                    'precision': 0.7705078125,
                    'recall': 0.7705078125,
                    'support': 1024},
      'picking': {'f1-score': 0.4444444444444445,
                  'precision': 0.4,
                  'recall': 0.5,
                  'support': 4},
      'running': {'f1-score': 0.8181818181818182,
                  'precision': 0.75,
                  'recall': 0.9,
                  'support': 10},
      'shuffling': {'f1-score': 0.6956521739130435,
                    'precision': 0.8888888888888888,
                    'recall': 0.5714285714285714,
                    'support': 14},
      'sitting': {'f1-score': 0.8593996840442337,
                  'precision': 0.8932676518883416,
                  'recall': 0.8280060882800608,
                  'support': 657},
      'stairs (ascending)': {'f1-score': 0.9302325581395349,
                             'precision': 1.0,
                             'recall': 0.8695652173913043,
                             'support': 23},
      'stairs (descending)': {'f1-score': 0.56,
                              'precision': 0.7777777777777778,
                              'recall': 0.4375,
                              'support': 16},
      'standing': {'f1-score': 0.16666666666666666,
                   'precision': 0.14035087719298245,
                   'recall': 0.20512820512820512,
                   'support': 78},
      'transition': {'f1-score': 0.13333333333333333,
                     'precision': 0.1,
                     'recall': 0.2,
                     'support': 5},
      'transport': {'f1-score': 0.0,
                    'precision': 0.0,
                    'recall': 0.0,
                    'support': 0},
      'undefined': {'f1-score': 0.0,
                    'precision': 0.0,
                    'recall': 0.0,
                    'support': 0},
      'walking': {'f1-score': 0.8058252427184466,
                  'precision': 0.7217391304347827,
                  'recall': 0.9120879120879121,
                  'support': 91},
      'weighted avg': {'f1-score': 0.7874472997333241,
                       'precision': 0.8125189480989499,
                       'recall': 0.7705078125,
                       'support': 1024}},
 16: {'Accuracy': 0.8489583333333334,
      'Confusion_matrix': array([[ 66,   4,   0,   0,   0,   1,   0,   0,   0,   0,   0,   0,   0,
          0],
       [  4,  51,   0,  17,   2,   0,   1,   0,   1,   0,   0,   0,   0,
          1],
       [  0,   0,   9,   0,   0,   0,   0,   0,   0,   0,   0,   0,   0,
          0],
       [  5,   3,   1,  95, 130,   0,   1,   0,   0,   0,   0,   0,   0,
          0],
       [  4,   0,   0,  14, 996,   1,   2,   1,   0,   0,   0,   0,   1,
          0],
       [  0,   0,   0,   0,   0,   0,   0,   0,   0,   0,   0,   0,   0,
          0],
       [  0,   0,   0,   1,   0,   0,   0,   0,   0,   0,   0,   0,   0,
          0],
       [  0,   0,   0,   0,   0,   0,   0,   0,   0,   0,   0,   0,   0,
          0],
       [  4,   6,   0,   5,  10,   3,   0,   0,   0,   0,   0,   0,   0,
          0],
       [  0,   0,   0,   0,   0,   0,   3,   0,   0,  87,   1,   0,   0,
          0],
       [  0,   0,   0,   0,   0,   0,   0,   0,   0,   0,   0,   0,   0,
          0],
       [  0,   1,   0,   1,   0,   0,   1,   0,   2,   0,   0,   0,   0,
          0],
       [  0,   0,   0,   0,   0,   0,   0,   0,   0,   0,   0,   0,   0,
          0],
       [  0,   0,   0,   0,   0,   0,   0,   0,   0,   0,   0,   0,   0,
          0]]),
      'Ground_truth': array([5, 0, 0, ..., 5, 2, 5]),
      'Labels': ['walking',
                 'shuffling',
                 'stairs (descending)',
                 'standing',
                 'sitting',
                 'lying',
                 'bending',
                 'picking',
                 'undefined',
                 'cycling (sit)',
                 'cycling (stand)',
                 'non-vigorous activity',
                 'transport',
                 'commute'],
      'Predictions': array([5, 0, 0, ..., 6, 5, 6]),
      'bending': {'f1-score': 0.0,
                  'precision': 0.0,
                  'recall': 0.0,
                  'support': 1},
      'commute': {'f1-score': 0.0,
                  'precision': 0.0,
                  'recall': 0.0,
                  'support': 0},
      'cycling (sit)': {'f1-score': 0.9775280898876404,
                        'precision': 1.0,
                        'recall': 0.9560439560439561,
                        'support': 91},
      'cycling (stand)': {'f1-score': 0.0,
                          'precision': 0.0,
                          'recall': 0.0,
                          'support': 0},
      'lying': {'f1-score': 0.0, 'precision': 0.0, 'recall': 0.0, 'support': 0},
      'macro avg': {'f1-score': 0.35286846020972795,
                    'precision': 0.3620929646748715,
                    'recall': 0.35211737529534226,
                    'support': 1536},
      'micro avg': {'f1-score': 0.8489583333333334,
                    'precision': 0.8489583333333334,
                    'recall': 0.8489583333333334,
                    'support': 1536},
      'non-vigorous activity': {'f1-score': 0.0,
                                'precision': 0.0,
                                'recall': 0.0,
                                'support': 5},
      'picking': {'f1-score': 0.0,
                  'precision': 0.0,
                  'recall': 0.0,
                  'support': 0},
      'shuffling': {'f1-score': 0.7183098591549296,
                    'precision': 0.7846153846153846,
                    'recall': 0.6623376623376623,
                    'support': 77},
      'sitting': {'f1-score': 0.9235048678720446,
                  'precision': 0.875219683655536,
                  'recall': 0.9774288518155054,
                  'support': 1019},
      'stairs (descending)': {'f1-score': 0.9473684210526316,
                              'precision': 0.9,
                              'recall': 1.0,
                              'support': 9},
      'standing': {'f1-score': 0.516304347826087,
                   'precision': 0.7142857142857143,
                   'recall': 0.40425531914893614,
                   'support': 235},
      'transport': {'f1-score': 0.0,
                    'precision': 0.0,
                    'recall': 0.0,
                    'support': 0},
      'undefined': {'f1-score': 0.0,
                    'precision': 0.0,
                    'recall': 0.0,
                    'support': 28},
      'walking': {'f1-score': 0.8571428571428571,
                  'precision': 0.7951807228915663,
                  'recall': 0.9295774647887324,
                  'support': 71},
      'weighted avg': {'f1-score': 0.8307495807825945,
                       'precision': 0.8305203232049608,
                       'recall': 0.8489583333333334,
                       'support': 1536}}}
AVG ACCURACY :  0.7580769856770834
---------------------------------------------
[[<matplotlib.axes._subplots.AxesSubplot object at 0x7fb6909b3518>
  <matplotlib.axes._subplots.AxesSubplot object at 0x7fb6947c36a0>
  <matplotlib.axes._subplots.AxesSubplot object at 0x7fb6947dc898>
  <matplotlib.axes._subplots.AxesSubplot object at 0x7fb694774ac8>]
 [<matplotlib.axes._subplots.AxesSubplot object at 0x7fb69478acf8>
  <matplotlib.axes._subplots.AxesSubplot object at 0x7fb6947a0f28>
  <matplotlib.axes._subplots.AxesSubplot object at 0x7fb69473f198>
  <matplotlib.axes._subplots.AxesSubplot object at 0x7fb6947573c8>]
 [<matplotlib.axes._subplots.AxesSubplot object at 0x7fb6946ee5f8>
  <matplotlib.axes._subplots.AxesSubplot object at 0x7fb694706828>
  <matplotlib.axes._subplots.AxesSubplot object at 0x7fb69471ea58>
  <matplotlib.axes._subplots.AxesSubplot object at 0x7fb6946b6c88>]
 [<matplotlib.axes._subplots.AxesSubplot object at 0x7fb6946cceb8>
  <matplotlib.axes._subplots.AxesSubplot object at 0x7fb694669128>
  <matplotlib.axes._subplots.AxesSubplot object at 0x7fb694682358>
  <matplotlib.axes._subplots.AxesSubplot object at 0x7fb694699588>]]

0 0

Confusion matrix, without normalization
[[ 49   6   9   1  13  20  47   4   0   0   5   0   0]
 [  4   1   0   1   0   2   3   0   0   0   0   0   0]
 [  5   0   6   0   1   1   6   2   0   0   0   0   0]
 [ 12   0   1   1   0   0   0   0   0   0   0   0   0]
 [ 11   0   0   0   0   1   0   0   0   0   0   0   0]
 [ 24   0   8   1   2  10  53   3   0   0   5   1   0]
 [ 15   1   2   1   0  91 806  36   0   0   1   0   0]
 [ 10   0   0   1   3  22  15 137   1   0   0   0   0]
 [  0   0   0   1   0   0   1   5   0   0   0   0   0]
 [  1   0   0   0   0   1   1   0   0   0   0   0   0]
 [  5   0   1   0   0   2   0   0   0   0  52   1   0]
 [  0   0   0   0   0   0   0   0   0   0   2   0   0]
 [  1   0   0   0   0   0   1   0   0   0   0   0   0]]
[[<matplotlib.axes._subplots.AxesSubplot object at 0x7fb6909b3518>
  <matplotlib.axes._subplots.AxesSubplot object at 0x7fb6947c36a0>
  <matplotlib.axes._subplots.AxesSubplot object at 0x7fb6947dc898>
  <matplotlib.axes._subplots.AxesSubplot object at 0x7fb694774ac8>]
 [<matplotlib.axes._subplots.AxesSubplot object at 0x7fb69478acf8>
  <matplotlib.axes._subplots.AxesSubplot object at 0x7fb6947a0f28>
  <matplotlib.axes._subplots.AxesSubplot object at 0x7fb69473f198>
  <matplotlib.axes._subplots.AxesSubplot object at 0x7fb6947573c8>]
 [<matplotlib.axes._subplots.AxesSubplot object at 0x7fb6946ee5f8>
  <matplotlib.axes._subplots.AxesSubplot object at 0x7fb694706828>
  <matplotlib.axes._subplots.AxesSubplot object at 0x7fb69471ea58>
  <matplotlib.axes._subplots.AxesSubplot object at 0x7fb6946b6c88>]
 [<matplotlib.axes._subplots.AxesSubplot object at 0x7fb6946cceb8>
  <matplotlib.axes._subplots.AxesSubplot object at 0x7fb694669128>
  <matplotlib.axes._subplots.AxesSubplot object at 0x7fb694682358>
  <matplotlib.axes._subplots.AxesSubplot object at 0x7fb694699588>]]

0 1

Confusion matrix, without normalization
[[ 20   4   4   5   4  42  78   6   2   0   0   0   0   0   0   5   1]
 [  2   0   0   0   0   1  12   0   0   0   0   0   0   0   0   0   0]
 [  2   0   1   0   0   3   9   0   1   0   0   0   0   0   0   0   0]
 [  0   0   2   0   0   7   5   0   0   0   0   0   0   0   0   0   0]
 [  0   0   1   0   0   2   6   0   0   0   0   0   0   0   0   0   0]
 [  6   0   4   0   0  41 105   1   0   0   0   0   0   0   0   0   0]
 [ 45   6   8   3   5  79 354  13   1   0   0   7   1   0   1   2   1]
 [ 23   0   9   4   0  12  13  23   1   0   0   3   1   0   2   0   0]
 [  2   0   0   0   0   1   1   0   0   0   0   0   0   0   0   0   0]
 [  3   0   0   0   0   3   1   0   0   0   0   0   0   0   0   0   0]
 [  0   0   0   0   0   0   2   0   0   0   0   0   0   0   0   0   0]
 [  0   0   0   0   0   0   0   0   0   0   0   0   0   0   0   0   0]
 [  0   0   0   0   0   0  10   0   0   0   0   0   0   0   0   0   0]
 [  0   0   0   0   0   0   2   0   0   0   0   0   0   0   0   0   0]
 [  0   0   0   0   0   0   0   0   0   0   0   0   0   0   0   0   0]
 [  0   0   0   0   0   0   0   0   0   0   0   0   0   0   0   0   0]
 [  0   0   0   0   0   0   0   0   0   0   0   0   0   0   0   0   0]]
[[<matplotlib.axes._subplots.AxesSubplot object at 0x7fb6909b3518>
  <matplotlib.axes._subplots.AxesSubplot object at 0x7fb6947c36a0>
  <matplotlib.axes._subplots.AxesSubplot object at 0x7fb6947dc898>
  <matplotlib.axes._subplots.AxesSubplot object at 0x7fb694774ac8>]
 [<matplotlib.axes._subplots.AxesSubplot object at 0x7fb69478acf8>
  <matplotlib.axes._subplots.AxesSubplot object at 0x7fb6947a0f28>
  <matplotlib.axes._subplots.AxesSubplot object at 0x7fb69473f198>
  <matplotlib.axes._subplots.AxesSubplot object at 0x7fb6947573c8>]
 [<matplotlib.axes._subplots.AxesSubplot object at 0x7fb6946ee5f8>
  <matplotlib.axes._subplots.AxesSubplot object at 0x7fb694706828>
  <matplotlib.axes._subplots.AxesSubplot object at 0x7fb69471ea58>
  <matplotlib.axes._subplots.AxesSubplot object at 0x7fb6946b6c88>]
 [<matplotlib.axes._subplots.AxesSubplot object at 0x7fb6946cceb8>
  <matplotlib.axes._subplots.AxesSubplot object at 0x7fb694669128>
  <matplotlib.axes._subplots.AxesSubplot object at 0x7fb694682358>
  <matplotlib.axes._subplots.AxesSubplot object at 0x7fb694699588>]]

0 2

Confusion matrix, without normalization
[[ 10   0   1   0   0  10  53  11   0   0   0   0  11   0]
 [  0   0   0   0   0   0   8   0   0   0   0   0   0   0]
 [  0   0   1   0   1   8   6   6   0   0   0   1   0   0]
 [  0   0   0   0   0   3  13   0   0   0   0   0   0   0]
 [  0   0   0   0   0   0   7   9   0   0   0   0   3   0]
 [  5   0   6   0   1  19  22  12   2   0   2   0   0   0]
 [ 52   1   2   0   4  20 609   2   0   0   0  35   1   2]
 [  0   0   0   0   0   0   0   0   0   0   0   0   0   0]
 [  0   0   0   0   0   0   0   0   0   0   0   0   0   0]
 [  0   0   0   0   0   0   8   0   0   0   0   0   0   0]
 [  0   0   0   0   0   0   0   0   0   0   0   0   0   0]
 [ 15   0   3   0   4  12  20   0   0   0   2   0   0   0]
 [  0   0   0   0   0   1   0   0   0   0   0   0   0   0]
 [  0   0   0   0   0   0   0   0   0   0   0   0   0   0]]
[[<matplotlib.axes._subplots.AxesSubplot object at 0x7fb6909b3518>
  <matplotlib.axes._subplots.AxesSubplot object at 0x7fb6947c36a0>
  <matplotlib.axes._subplots.AxesSubplot object at 0x7fb6947dc898>
  <matplotlib.axes._subplots.AxesSubplot object at 0x7fb694774ac8>]
 [<matplotlib.axes._subplots.AxesSubplot object at 0x7fb69478acf8>
  <matplotlib.axes._subplots.AxesSubplot object at 0x7fb6947a0f28>
  <matplotlib.axes._subplots.AxesSubplot object at 0x7fb69473f198>
  <matplotlib.axes._subplots.AxesSubplot object at 0x7fb6947573c8>]
 [<matplotlib.axes._subplots.AxesSubplot object at 0x7fb6946ee5f8>
  <matplotlib.axes._subplots.AxesSubplot object at 0x7fb694706828>
  <matplotlib.axes._subplots.AxesSubplot object at 0x7fb69471ea58>
  <matplotlib.axes._subplots.AxesSubplot object at 0x7fb6946b6c88>]
 [<matplotlib.axes._subplots.AxesSubplot object at 0x7fb6946cceb8>
  <matplotlib.axes._subplots.AxesSubplot object at 0x7fb694669128>
  <matplotlib.axes._subplots.AxesSubplot object at 0x7fb694682358>
  <matplotlib.axes._subplots.AxesSubplot object at 0x7fb694699588>]]

0 3

Confusion matrix, without normalization
[[  45    0    2    0    0    1    0    0    2    0    0    1    0    0]
 [   0   10    0    0    0    0    0    0    0    0    0    0    0    0]
 [   0    0   15    0    0    3    2    0    1    0    0    0    0    0]
 [   3    0    0   15    0    0    2    0    0    0    0    0    0    0]
 [   0    0    0    0   14    0    0    0    0    0    0    0    0    0]
 [   5    0    5    0    0   39   40    0    0    0    0    0    0    2]
 [  14    0    4    0    0  206 1009    0    1    0    0    2    0    4]
 [   0    0    0    0    0    0    0   74    2    0    0    0    0    0]
 [   0    0    0    0    0    1    0    0    1    0    0    0    0    0]
 [   3    1    1    0    0    1    1    0    1    0    0    0    0    1]
 [   0    0    1    0    0    0    0    0    0    0    0    0    1    0]
 [   0    0    0    0    0    0    0    0    0    0    0    0    0    0]
 [   0    0    0    0    0    0    0    0    0    0    0    0    0    0]
 [   0    0    0    0    0    0    0    0    0    0    0    0    0    0]]
[[<matplotlib.axes._subplots.AxesSubplot object at 0x7fb6909b3518>
  <matplotlib.axes._subplots.AxesSubplot object at 0x7fb6947c36a0>
  <matplotlib.axes._subplots.AxesSubplot object at 0x7fb6947dc898>
  <matplotlib.axes._subplots.AxesSubplot object at 0x7fb694774ac8>]
 [<matplotlib.axes._subplots.AxesSubplot object at 0x7fb69478acf8>
  <matplotlib.axes._subplots.AxesSubplot object at 0x7fb6947a0f28>
  <matplotlib.axes._subplots.AxesSubplot object at 0x7fb69473f198>
  <matplotlib.axes._subplots.AxesSubplot object at 0x7fb6947573c8>]
 [<matplotlib.axes._subplots.AxesSubplot object at 0x7fb6946ee5f8>
  <matplotlib.axes._subplots.AxesSubplot object at 0x7fb694706828>
  <matplotlib.axes._subplots.AxesSubplot object at 0x7fb69471ea58>
  <matplotlib.axes._subplots.AxesSubplot object at 0x7fb6946b6c88>]
 [<matplotlib.axes._subplots.AxesSubplot object at 0x7fb6946cceb8>
  <matplotlib.axes._subplots.AxesSubplot object at 0x7fb694669128>
  <matplotlib.axes._subplots.AxesSubplot object at 0x7fb694682358>
  <matplotlib.axes._subplots.AxesSubplot object at 0x7fb694699588>]]

1 0

Confusion matrix, without normalization
[[100   0   5   0   1   6   1   3   1   0   0   1   0   0   0   0]
 [  3  33   0   0   1   0   0   1   0   0   0   0   0   0   0   0]
 [  3   1  23   0   0   6   4   1   0   0   0   0   0   0   1   0]
 [  1   1   0   0   0   0   0   3   0   0   0   0   0   0   0   0]
 [  0   0   0   0   5   0   0   0   0   0   0   0   0   0   0   0]
 [  3   0   4   0   0  85  57   0   1   0   0   1   0   0   0   0]
 [  2   0   1   0   0  14 553   4   0   0   0   1   0   0   0   1]
 [  0   0   0   0   0   0   0   9   0   0   0   0   0   0   0   0]
 [  0   0   0   0   0   0   0   1   0   0   0   0   0   0   0   0]
 [  0   0   1   0   0   1   0   0   0   0   0   0   0   0   1   0]
 [  0   0   0   0   0   0   0   0   0   0   0   0   0   0   0   0]
 [  5   0   4   0   0  11  14   1   0   0   0   2   0   0   0   1]
 [  0   0   0   0   0   0   0   0   0   0   1   0  25   0   0   0]
 [  0   0   0   0   0   0   0   0   0   0   0   0   2   3   0   0]
 [  1   0   0   0   0   4   3   0   0   0   0   0   0   0   2   0]
 [  0   0   0   0   0   0   0   0   0   0   0   0   0   0   0   0]]
[[<matplotlib.axes._subplots.AxesSubplot object at 0x7fb6909b3518>
  <matplotlib.axes._subplots.AxesSubplot object at 0x7fb6947c36a0>
  <matplotlib.axes._subplots.AxesSubplot object at 0x7fb6947dc898>
  <matplotlib.axes._subplots.AxesSubplot object at 0x7fb694774ac8>]
 [<matplotlib.axes._subplots.AxesSubplot object at 0x7fb69478acf8>
  <matplotlib.axes._subplots.AxesSubplot object at 0x7fb6947a0f28>
  <matplotlib.axes._subplots.AxesSubplot object at 0x7fb69473f198>
  <matplotlib.axes._subplots.AxesSubplot object at 0x7fb6947573c8>]
 [<matplotlib.axes._subplots.AxesSubplot object at 0x7fb6946ee5f8>
  <matplotlib.axes._subplots.AxesSubplot object at 0x7fb694706828>
  <matplotlib.axes._subplots.AxesSubplot object at 0x7fb69471ea58>
  <matplotlib.axes._subplots.AxesSubplot object at 0x7fb6946b6c88>]
 [<matplotlib.axes._subplots.AxesSubplot object at 0x7fb6946cceb8>
  <matplotlib.axes._subplots.AxesSubplot object at 0x7fb694669128>
  <matplotlib.axes._subplots.AxesSubplot object at 0x7fb694682358>
  <matplotlib.axes._subplots.AxesSubplot object at 0x7fb694699588>]]

1 1

Confusion matrix, without normalization
[[142   0   2   0   0   1   4   1   1   0   0   1   1   0   1]
 [  1  10   0   0   0   0   0   0   0   0   0   0   0   0   0]
 [  6   0  12   0   0   3   1   0   0   0   0   0   0   0   0]
 [ 11   0   0  17   0   0   1   1   2   0   0   0   0   0   0]
 [  7   0   0   0  16   0   0   0   0   0   0   0   0   0   0]
 [  5   1   5   0   0 119 105   2   0   0   0   2   0   1   0]
 [  5   0   0   0   0  45 729  40   0   0   0   1   1   0   0]
 [  2   0   0   0   0   1   0 200   8   0   0   0   0   0   0]
 [  1   0   0   0   0   0   3   7   6   0   0   0   0   1   0]
 [  2   0   0   0   0   0   0   0   0   0   0   0   0   0   0]
 [  0   0   0   0   0   0   0   1   0   0   1   0   0   0   0]
 [  0   0   0   0   0   0   0   0   0   0   0   0   0   0   0]
 [  0   0   0   0   0   0   0   0   0   0   0   0   0   0   0]
 [  0   0   0   0   0   0   0   0   0   0   0   0   0   0   0]
 [  0   0   0   0   0   0   0   0   0   0   0   0   0   0   0]]
[[<matplotlib.axes._subplots.AxesSubplot object at 0x7fb6909b3518>
  <matplotlib.axes._subplots.AxesSubplot object at 0x7fb6947c36a0>
  <matplotlib.axes._subplots.AxesSubplot object at 0x7fb6947dc898>
  <matplotlib.axes._subplots.AxesSubplot object at 0x7fb694774ac8>]
 [<matplotlib.axes._subplots.AxesSubplot object at 0x7fb69478acf8>
  <matplotlib.axes._subplots.AxesSubplot object at 0x7fb6947a0f28>
  <matplotlib.axes._subplots.AxesSubplot object at 0x7fb69473f198>
  <matplotlib.axes._subplots.AxesSubplot object at 0x7fb6947573c8>]
 [<matplotlib.axes._subplots.AxesSubplot object at 0x7fb6946ee5f8>
  <matplotlib.axes._subplots.AxesSubplot object at 0x7fb694706828>
  <matplotlib.axes._subplots.AxesSubplot object at 0x7fb69471ea58>
  <matplotlib.axes._subplots.AxesSubplot object at 0x7fb6946b6c88>]
 [<matplotlib.axes._subplots.AxesSubplot object at 0x7fb6946cceb8>
  <matplotlib.axes._subplots.AxesSubplot object at 0x7fb694669128>
  <matplotlib.axes._subplots.AxesSubplot object at 0x7fb694682358>
  <matplotlib.axes._subplots.AxesSubplot object at 0x7fb694699588>]]

1 2

Confusion matrix, without normalization
[[ 44   0   6   1   0   2   2   0   1   0   0]
 [  1   9   0   0   1   0   0   0   0   0   0]
 [  3   2  17   0   0   7   6   0   0   0   0]
 [  0   0   0   0   0   0   0   0   0   0   0]
 [  0   0   0   0   0   0   0   0   0   0   0]
 [  3   1   5   0   0  51  69   1   0   3   0]
 [  2   0   1   0   0  26 736   0   0   1   2]
 [  0   0   0   0   0   0   0  19   0   0   0]
 [  1   0   0   0   0   0   0   1   0   0   0]
 [  0   0   0   0   0   0   0   0   0   0   0]
 [  0   0   0   0   0   0   0   0   0   0   0]]
[[<matplotlib.axes._subplots.AxesSubplot object at 0x7fb6909b3518>
  <matplotlib.axes._subplots.AxesSubplot object at 0x7fb6947c36a0>
  <matplotlib.axes._subplots.AxesSubplot object at 0x7fb6947dc898>
  <matplotlib.axes._subplots.AxesSubplot object at 0x7fb694774ac8>]
 [<matplotlib.axes._subplots.AxesSubplot object at 0x7fb69478acf8>
  <matplotlib.axes._subplots.AxesSubplot object at 0x7fb6947a0f28>
  <matplotlib.axes._subplots.AxesSubplot object at 0x7fb69473f198>
  <matplotlib.axes._subplots.AxesSubplot object at 0x7fb6947573c8>]
 [<matplotlib.axes._subplots.AxesSubplot object at 0x7fb6946ee5f8>
  <matplotlib.axes._subplots.AxesSubplot object at 0x7fb694706828>
  <matplotlib.axes._subplots.AxesSubplot object at 0x7fb69471ea58>
  <matplotlib.axes._subplots.AxesSubplot object at 0x7fb6946b6c88>]
 [<matplotlib.axes._subplots.AxesSubplot object at 0x7fb6946cceb8>
  <matplotlib.axes._subplots.AxesSubplot object at 0x7fb694669128>
  <matplotlib.axes._subplots.AxesSubplot object at 0x7fb694682358>
  <matplotlib.axes._subplots.AxesSubplot object at 0x7fb694699588>]]

1 3

Confusion matrix, without normalization
[[  9   0   1   0   0   0   0   0   0   0   0]
 [  0   0   0   0   0   0   0   0   0   0   0]
 [  2   0   2   0   0   0   0   0   0   0   0]
 [  0   1   0  17   1   0   0   0   0   0   0]
 [  0   0   0   0   0   0   0   0   0   0   0]
 [  0   0   0   0   0   0   0   0   0   0   0]
 [  0   0   0   0   0   1   0   0   0   0   0]
 [  2   3   0   1   2   1   0 430   0   3   1]
 [  0   0   0   0   0   0   0   2  31   1   0]
 [  0   0   0   0   0   0   0   0   0   1   0]
 [  0   0   0   0   0   0   0   0   0   0   0]]
[[<matplotlib.axes._subplots.AxesSubplot object at 0x7fb6909b3518>
  <matplotlib.axes._subplots.AxesSubplot object at 0x7fb6947c36a0>
  <matplotlib.axes._subplots.AxesSubplot object at 0x7fb6947dc898>
  <matplotlib.axes._subplots.AxesSubplot object at 0x7fb694774ac8>]
 [<matplotlib.axes._subplots.AxesSubplot object at 0x7fb69478acf8>
  <matplotlib.axes._subplots.AxesSubplot object at 0x7fb6947a0f28>
  <matplotlib.axes._subplots.AxesSubplot object at 0x7fb69473f198>
  <matplotlib.axes._subplots.AxesSubplot object at 0x7fb6947573c8>]
 [<matplotlib.axes._subplots.AxesSubplot object at 0x7fb6946ee5f8>
  <matplotlib.axes._subplots.AxesSubplot object at 0x7fb694706828>
  <matplotlib.axes._subplots.AxesSubplot object at 0x7fb69471ea58>
  <matplotlib.axes._subplots.AxesSubplot object at 0x7fb6946b6c88>]
 [<matplotlib.axes._subplots.AxesSubplot object at 0x7fb6946cceb8>
  <matplotlib.axes._subplots.AxesSubplot object at 0x7fb694669128>
  <matplotlib.axes._subplots.AxesSubplot object at 0x7fb694682358>
  <matplotlib.axes._subplots.AxesSubplot object at 0x7fb694699588>]]

2 0

Confusion matrix, without normalization
[[ 92   0   2   0   0   0   1   0   0   0   0   0   0   0   0   0   0   0]
 [  0   0   0   0   0   0   0   0   0   0   0   0   0   0   0   0   0   0]
 [ 12   0  65   0   0   9   7   1   0   0   2   1   0   0   1   0   0   0]
 [  0   0   0   2   0   1   1   0   0   0   0   0   0   0   0   0   0   0]
 [  1   0   0   0   2   1   0   0   0   0   0   0   0   0   0   0   0   0]
 [  8   0   3   0   1 194  94   1   0   0   1   0   0   0   0   0   0   0]
 [  4   0   1   0   2  35 696   1   2   0   0   0   0   0   0   0   1   0]
 [  0   0   0   0   0   0   0   0   0   0   0   0   0   0   0   0   0   0]
 [  1   0   0   0   0   1   0   0   2   0   0   0   0   0   0   0   0   0]
 [  2   0   0   0   0   3   4   1   0   1   1   0   0   0   0   0   3   1]
 [  1   1   0   0   0   0   0   1   0   0   0   0   0   0   0   1   0   0]
 [  2   0   1   1   1   3   1   1   0   0   0   0   0   0   0   0   0   0]
 [  1   1   0   0   0   0   0   0   0   0   0   0  26   3   0   0   0   0]
 [  0   2   0   0   0   1   0   0   0   0   0   0   1   2   0   0   0   0]
 [  0   0   0   0   0   0   0   0   0   0   0   0   0   0   0   0   0   0]
 [  0   0   0   0   0   4   1   0   1   0   0   0   2   0   0   2   0   0]
 [  5   0   7   0   3  41 125   0  10   0   5   1   1   0   1   0  11   0]
 [  0   0   0   0   0   0   0   0   0   0   0   0   0   0   0   0   0   0]]
[[<matplotlib.axes._subplots.AxesSubplot object at 0x7fb6909b3518>
  <matplotlib.axes._subplots.AxesSubplot object at 0x7fb6947c36a0>
  <matplotlib.axes._subplots.AxesSubplot object at 0x7fb6947dc898>
  <matplotlib.axes._subplots.AxesSubplot object at 0x7fb694774ac8>]
 [<matplotlib.axes._subplots.AxesSubplot object at 0x7fb69478acf8>
  <matplotlib.axes._subplots.AxesSubplot object at 0x7fb6947a0f28>
  <matplotlib.axes._subplots.AxesSubplot object at 0x7fb69473f198>
  <matplotlib.axes._subplots.AxesSubplot object at 0x7fb6947573c8>]
 [<matplotlib.axes._subplots.AxesSubplot object at 0x7fb6946ee5f8>
  <matplotlib.axes._subplots.AxesSubplot object at 0x7fb694706828>
  <matplotlib.axes._subplots.AxesSubplot object at 0x7fb69471ea58>
  <matplotlib.axes._subplots.AxesSubplot object at 0x7fb6946b6c88>]
 [<matplotlib.axes._subplots.AxesSubplot object at 0x7fb6946cceb8>
  <matplotlib.axes._subplots.AxesSubplot object at 0x7fb694669128>
  <matplotlib.axes._subplots.AxesSubplot object at 0x7fb694682358>
  <matplotlib.axes._subplots.AxesSubplot object at 0x7fb694699588>]]

2 1

Confusion matrix, without normalization
[[455   2   0   1   0   1   3   0   1   0   0   0   0]
 [  4  61   0   1  11   5   0   0   0   0   0   0   0]
 [  1   0   2   0   0   0   0   0   0   0   0   0   0]
 [  0   0   0  12   0   0   0   0   0   0   0   0   0]
 [  2   3   0   0  87  73   0   0   0   0   0   0   0]
 [  0   0   0   0   3  35   0   0   0   0   0   0   0]
 [  0   0   0   0   0   0   0   0   0   0   0   0   0]
 [  0   0   0   0   0   0   0   1   0   0   0   0   0]
 [  0   0   0   0   0   0   0   0   1   0   0   0   0]
 [  0   0   0   1   0   1   0   0   0   0   0   0   0]
 [  0   0   0   0   0   0   0   0   0   0   0   0   0]
 [  2   3   0   3  69  56   0   4   3   0   0   8   0]
 [  4  18   1   2  36  30   2   0   4  10   2   0   0]]
[[<matplotlib.axes._subplots.AxesSubplot object at 0x7fb6909b3518>
  <matplotlib.axes._subplots.AxesSubplot object at 0x7fb6947c36a0>
  <matplotlib.axes._subplots.AxesSubplot object at 0x7fb6947dc898>
  <matplotlib.axes._subplots.AxesSubplot object at 0x7fb694774ac8>]
 [<matplotlib.axes._subplots.AxesSubplot object at 0x7fb69478acf8>
  <matplotlib.axes._subplots.AxesSubplot object at 0x7fb6947a0f28>
  <matplotlib.axes._subplots.AxesSubplot object at 0x7fb69473f198>
  <matplotlib.axes._subplots.AxesSubplot object at 0x7fb6947573c8>]
 [<matplotlib.axes._subplots.AxesSubplot object at 0x7fb6946ee5f8>
  <matplotlib.axes._subplots.AxesSubplot object at 0x7fb694706828>
  <matplotlib.axes._subplots.AxesSubplot object at 0x7fb69471ea58>
  <matplotlib.axes._subplots.AxesSubplot object at 0x7fb6946b6c88>]
 [<matplotlib.axes._subplots.AxesSubplot object at 0x7fb6946cceb8>
  <matplotlib.axes._subplots.AxesSubplot object at 0x7fb694669128>
  <matplotlib.axes._subplots.AxesSubplot object at 0x7fb694682358>
  <matplotlib.axes._subplots.AxesSubplot object at 0x7fb694699588>]]

2 2

Confusion matrix, without normalization
[[108   0   4   0   0   3   0   1   1   0   0   0   1   0   0   0   0   0]
 [  0   7   0   0   4   0   0   0   0   0   0   0   0   0   0   0   0   0]
 [  3   0  37   0   0  11   3   0   0   0   0   0   0   0   0   0   0   1]
 [  5   0   0  17   0   0   0   1   1   0   1   0   0   0   0   0   0   0]
 [  1   0   0   0  24   0   0   0   0   0   0   0   0   0   0   0   0   0]
 [  3   0  16   0   0 151  70   2   1   0   0   2   0   0   0   1   0   1]
 [ 12   0   4   0   2 115 772   0   1   1   0   4   0   0   0   0  12   0]
 [  0   0   0   0   0   0   1  23   1   0   0   0   0   0   0   0   0   0]
 [  0   0   0   0   1   0   0   1   5   0   0   0   0   0   0   0   0   0]
 [  0   0   0   0   0   0   0   0   0   3   0   0   0   0   0   0   0   0]
 [  0   0   0   0   0   1   0   0   0   0   1   0   0   0   0   0   0   0]
 [  1   0   6   0   0   5   3   1   0   0   0   2   0   0   0   0   0   0]
 [  1   0   3   0   0   0   0   0   0   1   0   0  18   0   0   0   0   0]
 [  0   0   0   0   0   0   0   0   0   0   0   0   0   0   0   0   0   0]
 [  0   1   0   0  10   3   1   1   2   1   1   2   0   1   2   2   0   0]
 [  0   0   0   0   0   2   1   1   1   3   3   0   0   0   0  13   0   3]
 [  0   0   0   0   0   0   0   0   0   0   0   0   0   0   0   0   0   0]
 [  0   0   0   0   0   0   0   0   0   0   0   0   0   0   0   0   0   0]]
[[<matplotlib.axes._subplots.AxesSubplot object at 0x7fb6909b3518>
  <matplotlib.axes._subplots.AxesSubplot object at 0x7fb6947c36a0>
  <matplotlib.axes._subplots.AxesSubplot object at 0x7fb6947dc898>
  <matplotlib.axes._subplots.AxesSubplot object at 0x7fb694774ac8>]
 [<matplotlib.axes._subplots.AxesSubplot object at 0x7fb69478acf8>
  <matplotlib.axes._subplots.AxesSubplot object at 0x7fb6947a0f28>
  <matplotlib.axes._subplots.AxesSubplot object at 0x7fb69473f198>
  <matplotlib.axes._subplots.AxesSubplot object at 0x7fb6947573c8>]
 [<matplotlib.axes._subplots.AxesSubplot object at 0x7fb6946ee5f8>
  <matplotlib.axes._subplots.AxesSubplot object at 0x7fb694706828>
  <matplotlib.axes._subplots.AxesSubplot object at 0x7fb69471ea58>
  <matplotlib.axes._subplots.AxesSubplot object at 0x7fb6946b6c88>]
 [<matplotlib.axes._subplots.AxesSubplot object at 0x7fb6946cceb8>
  <matplotlib.axes._subplots.AxesSubplot object at 0x7fb694669128>
  <matplotlib.axes._subplots.AxesSubplot object at 0x7fb694682358>
  <matplotlib.axes._subplots.AxesSubplot object at 0x7fb694699588>]]

2 3

Confusion matrix, without normalization
[[ 99   0   2   1   0   2   1   0   1   0   0   0   0   0   0]
 [  0   0   0   0   0   0   0   0   0   0   0   0   0   0   0]
 [  2   1  22   0   0   1   0   0   0   0   0   0   0   0   0]
 [  0   0   0   3   0   0   0   0   0   0   0   1   0   0   0]
 [  2   0   0   0   3   0   1   0   0   0   0   0   0   0   0]
 [  5   0   4   0   0 209  82   1   0   0   0   0   0   0   0]
 [  0   1   0   0   1 109 702   1   2   0   0   0   0   0   0]
 [  0   0   1   0   0   0  31  53   1   0   0   0   0   0   0]
 [  0   0   0   0   0   1   1   0   4   0   0   1   0   0   0]
 [  2   0   1   0   0   2   1   1   0   3   1   1   0   0   0]
 [  0   1   1   0   0   2   0   0   0   0   0   0   0   0   0]
 [  0   0   0   0   0   0   0   0   0   0   0   1   0   0   0]
 [  1   0   0   0   0   0   7   0   0   0   0   0 134   0   1]
 [  0   0   0   0   0   0   1   0   0   2   0   0   3  11   0]
 [  1   0   0   0   0   1   1   2   0   2   0   0   0   0   0]]
[[<matplotlib.axes._subplots.AxesSubplot object at 0x7fb6909b3518>
  <matplotlib.axes._subplots.AxesSubplot object at 0x7fb6947c36a0>
  <matplotlib.axes._subplots.AxesSubplot object at 0x7fb6947dc898>
  <matplotlib.axes._subplots.AxesSubplot object at 0x7fb694774ac8>]
 [<matplotlib.axes._subplots.AxesSubplot object at 0x7fb69478acf8>
  <matplotlib.axes._subplots.AxesSubplot object at 0x7fb6947a0f28>
  <matplotlib.axes._subplots.AxesSubplot object at 0x7fb69473f198>
  <matplotlib.axes._subplots.AxesSubplot object at 0x7fb6947573c8>]
 [<matplotlib.axes._subplots.AxesSubplot object at 0x7fb6946ee5f8>
  <matplotlib.axes._subplots.AxesSubplot object at 0x7fb694706828>
  <matplotlib.axes._subplots.AxesSubplot object at 0x7fb69471ea58>
  <matplotlib.axes._subplots.AxesSubplot object at 0x7fb6946b6c88>]
 [<matplotlib.axes._subplots.AxesSubplot object at 0x7fb6946cceb8>
  <matplotlib.axes._subplots.AxesSubplot object at 0x7fb694669128>
  <matplotlib.axes._subplots.AxesSubplot object at 0x7fb694682358>
  <matplotlib.axes._subplots.AxesSubplot object at 0x7fb694699588>]]

3 0

Confusion matrix, without normalization
[[281   0   3   1   0   3   0   0   0   0   0   0   0   0   0   0   0   0]
 [  1   8   0   0   0   0   0   0   0   0   0   0   0   0   0   0   0   0]
 [  4   0  39   0   0   2   0   1   1   0   0   0   0   0   0   0   0   0]
 [  5   0   0  18   0   0   1   0   0   0   0   0   0   0   0   0   0   0]
 [  8   0   0   0  12   1   0   0   0   0   0   0   0   0   0   0   0   0]
 [  0   2   8   0   1 119 111   0   1   0   1   0   0   0   0   0   3   0]
 [  0   0  10   0   0  15 196   0   0   0   1   1   0   0   1   0   1   0]
 [  0   0   1   0   0   0   0  74   0   0   0   1   1   0   0   0   0   0]
 [  2   0   0   0   0   1   0   1   6   0   0   0   0   0   0   0   0   0]
 [  0   0   0   1   1   2   0   0   1   1   0   0   0   0   0   0   0   0]
 [  0   0   0   0   0   0   2   0   0   0   0   0   0   0   0   0   0   0]
 [  0   0   0   0   0   0   1   0   1   0   1   0   0   0   0   0   0   2]
 [  0   0   0   1   0   0   7   0   0   1   1   0  49   1   0   0   0   0]
 [  0   0   0   0   0   0   2   0   0   0   0   0   0   0   0   0   0   0]
 [  0   0   0   0   0   0   0   0   0   0   0   0   0   0   0   0   0   0]
 [  0   1   0   0   0   0   0   0   0   0   0   0   0   0   0   1   0   0]
 [  0   0   0   0   0   0   0   0   0   0   0   0   0   0   0   0   0   0]
 [  0   0   0   0   0   0   0   0   0   0   0   0   0   0   0   0   0   0]]
[[<matplotlib.axes._subplots.AxesSubplot object at 0x7fb6909b3518>
  <matplotlib.axes._subplots.AxesSubplot object at 0x7fb6947c36a0>
  <matplotlib.axes._subplots.AxesSubplot object at 0x7fb6947dc898>
  <matplotlib.axes._subplots.AxesSubplot object at 0x7fb694774ac8>]
 [<matplotlib.axes._subplots.AxesSubplot object at 0x7fb69478acf8>
  <matplotlib.axes._subplots.AxesSubplot object at 0x7fb6947a0f28>
  <matplotlib.axes._subplots.AxesSubplot object at 0x7fb69473f198>
  <matplotlib.axes._subplots.AxesSubplot object at 0x7fb6947573c8>]
 [<matplotlib.axes._subplots.AxesSubplot object at 0x7fb6946ee5f8>
  <matplotlib.axes._subplots.AxesSubplot object at 0x7fb694706828>
  <matplotlib.axes._subplots.AxesSubplot object at 0x7fb69471ea58>
  <matplotlib.axes._subplots.AxesSubplot object at 0x7fb6946b6c88>]
 [<matplotlib.axes._subplots.AxesSubplot object at 0x7fb6946cceb8>
  <matplotlib.axes._subplots.AxesSubplot object at 0x7fb694669128>
  <matplotlib.axes._subplots.AxesSubplot object at 0x7fb694682358>
  <matplotlib.axes._subplots.AxesSubplot object at 0x7fb694699588>]]

3 1

Confusion matrix, without normalization
[[139   0   6   0   0   3   0   0   0   1   0   0   0   0   0   0]
 [  0  14   0   0   1   0   0   0   0   0   0   0   0   0   0   0]
 [  3   0 110   0   0   7   0   0   1   0   0   0   0   0   0   0]
 [  2   0   1  16   1   0   0   0   0   0   0   0   0   0   0   0]
 [  0   0   0   0  15   0   0   0   0   0   0   0   0   0   0   0]
 [  2   0   3   1   1 146  53   0   1   0   0   0   0   0   7   1]
 [ 10   0   1   0   2 172 699   2   0   4   1   1   0   0   1   0]
 [  0   0   0   0   1   0   0  30   0   0   0   0   0   0   0   0]
 [  1   0   0   0   0   1   0   3   9   0   0   0   0   0   0   0]
 [  0   0   0   0   2   0   0   0   2   5   1   0   0   0   0   0]
 [  0   0   0   0   0   0   0   0   0   0   0   0   0   0   0   0]
 [  0   0   0   0   0   0   0   0   0   0   0   0   0   0   0   0]
 [  0   0   2   0   0   0   0   0   0   0   1   0  10   0   0   0]
 [  0   0   0   0   0   3   4   0   0   0   0   0   0  32   1   0]
 [  0   0   0   0   0   0   0   0   0   0   0   0   0   0   0   0]
 [  0   0   0   0   0   0   0   0   0   0   0   0   0   0   0   0]]
[[<matplotlib.axes._subplots.AxesSubplot object at 0x7fb6909b3518>
  <matplotlib.axes._subplots.AxesSubplot object at 0x7fb6947c36a0>
  <matplotlib.axes._subplots.AxesSubplot object at 0x7fb6947dc898>
  <matplotlib.axes._subplots.AxesSubplot object at 0x7fb694774ac8>]
 [<matplotlib.axes._subplots.AxesSubplot object at 0x7fb69478acf8>
  <matplotlib.axes._subplots.AxesSubplot object at 0x7fb6947a0f28>
  <matplotlib.axes._subplots.AxesSubplot object at 0x7fb69473f198>
  <matplotlib.axes._subplots.AxesSubplot object at 0x7fb6947573c8>]
 [<matplotlib.axes._subplots.AxesSubplot object at 0x7fb6946ee5f8>
  <matplotlib.axes._subplots.AxesSubplot object at 0x7fb694706828>
  <matplotlib.axes._subplots.AxesSubplot object at 0x7fb69471ea58>
  <matplotlib.axes._subplots.AxesSubplot object at 0x7fb6946b6c88>]
 [<matplotlib.axes._subplots.AxesSubplot object at 0x7fb6946cceb8>
  <matplotlib.axes._subplots.AxesSubplot object at 0x7fb694669128>
  <matplotlib.axes._subplots.AxesSubplot object at 0x7fb694682358>
  <matplotlib.axes._subplots.AxesSubplot object at 0x7fb694699588>]]

3 2

Confusion matrix, without normalization
[[ 83   0   0   0   1   2   4   0   0   0   0   1   0   0]
 [  1   9   0   0   0   0   0   0   0   0   0   0   0   0]
 [  0   0   8   0   0   2   3   0   0   1   0   0   0   0]
 [  3   0   0  20   0   0   0   0   0   0   0   0   0   0]
 [  6   2   0   0   7   1   0   0   0   0   0   0   0   0]
 [  5   0   0   0   1  16  55   0   0   0   0   0   0   1]
 [ 15   0   1   0   0  93 544   2   1   1   0   0   0   0]
 [  1   1   0   0   0   0   2  99   8   2   1   6   0   0]
 [  0   0   0   0   0   0   0   3   1   0   1   0   0   0]
 [  0   0   0   0   0   0   1   2   0   0   1   0   2   0]
 [  1   0   0   0   0   0   0   1   0   0   2   0   0   0]
 [  0   0   0   0   0   0   0   0   0   0   0   0   0   0]
 [  0   0   0   0   0   0   0   0   0   0   0   0   0   0]
 [  0   0   0   0   0   0   0   0   0   0   0   0   0   0]]
[[<matplotlib.axes._subplots.AxesSubplot object at 0x7fb6909b3518>
  <matplotlib.axes._subplots.AxesSubplot object at 0x7fb6947c36a0>
  <matplotlib.axes._subplots.AxesSubplot object at 0x7fb6947dc898>
  <matplotlib.axes._subplots.AxesSubplot object at 0x7fb694774ac8>]
 [<matplotlib.axes._subplots.AxesSubplot object at 0x7fb69478acf8>
  <matplotlib.axes._subplots.AxesSubplot object at 0x7fb6947a0f28>
  <matplotlib.axes._subplots.AxesSubplot object at 0x7fb69473f198>
  <matplotlib.axes._subplots.AxesSubplot object at 0x7fb6947573c8>]
 [<matplotlib.axes._subplots.AxesSubplot object at 0x7fb6946ee5f8>
  <matplotlib.axes._subplots.AxesSubplot object at 0x7fb694706828>
  <matplotlib.axes._subplots.AxesSubplot object at 0x7fb69471ea58>
  <matplotlib.axes._subplots.AxesSubplot object at 0x7fb6946b6c88>]
 [<matplotlib.axes._subplots.AxesSubplot object at 0x7fb6946cceb8>
  <matplotlib.axes._subplots.AxesSubplot object at 0x7fb694669128>
  <matplotlib.axes._subplots.AxesSubplot object at 0x7fb694682358>
  <matplotlib.axes._subplots.AxesSubplot object at 0x7fb694699588>]]

3 3

Confusion matrix, without normalization
[[ 66   4   0   0   0   1   0   0   0   0   0   0   0   0]
 [  4  51   0  17   2   0   1   0   1   0   0   0   0   1]
 [  0   0   9   0   0   0   0   0   0   0   0   0   0   0]
 [  5   3   1  95 130   0   1   0   0   0   0   0   0   0]
 [  4   0   0  14 996   1   2   1   0   0   0   0   1   0]
 [  0   0   0   0   0   0   0   0   0   0   0   0   0   0]
 [  0   0   0   1   0   0   0   0   0   0   0   0   0   0]
 [  0   0   0   0   0   0   0   0   0   0   0   0   0   0]
 [  4   6   0   5  10   3   0   0   0   0   0   0   0   0]
 [  0   0   0   0   0   0   3   0   0  87   1   0   0   0]
 [  0   0   0   0   0   0   0   0   0   0   0   0   0   0]
 [  0   1   0   1   0   0   1   0   2   0   0   0   0   0]
 [  0   0   0   0   0   0   0   0   0   0   0   0   0   0]
 [  0   0   0   0   0   0   0   0   0   0   0   0   0   0]]

